0
67226600
134335464
268553192
268553504
517807456
517807768
761007784
761008096
959033344
959033656
1150189896
1150190208
1331106480
1331106792
1502225400
1502225712
1661367616
1661367928
1807734408
1807734720
1948948496
1948948808
2084485464
2084485776
2219494048
2219494360
2353347560
2353347872
2468519216
2468519528
2575871608
2575871920
2678407104
2678407416
2768765192
2768765504
2849964752
2849965064
2987173216
2987173528
3098335216
3149659008
3149659320
3304930504
9287224752
9287224824
43507807936
43507808008
43520394152
43558142888
43608474536
43709137832
44111795056
43910464424
44715774832
44715774832
44313117680
41438411248
41457161096
41445805152
41511405560
41835667848
41621148816
41437980312
41477464416
41422588728
41428508928
41453192016
41220916984
41660126784
41418711864
41715187496
41452354328
41464446456
41451225416
41221014848
41644792944
41408648688
41516330176
41422931696
41457377168
41670748360
41675815544
41662011568
41219777560
41491502384
41556072152
41220365720
41458554960
41444871360
41427853016
41451440720
41219955712
41426784520
41220005376
41651833064
41467156344
41657502072
41910170528
41656822368
41414012656
41440657352
41647063664
41427226832
41436893328
41219947624
41219626680
41432940104
41220797848
41427198032
41442344456
41220184848
41219681136
41219741272
41435015328
41438721880
41513809192
41441203872
41220351096
41219602496
41235777984
41472282400
41755247240
41219573160
41735849936
41220268664
41220394248
41434258688
41220522040
41220799232
41681750992
41707068792
41447174096
41221029944
41552322592
41423499624
41220245968
41454568720
41426207664
41429560544
41415005240
41650549720
41696085296
41639528888
41406224256
41219942344
41220267304
41437499752
41219935264
41220379672
41406427448
41444972744
41443996408
41444135440
41611523568
41220198856
41219786944
41220347128
41219810712
41421855472
41427254440
41295200032
41220613736
41219770696
41435808392
41460463360
41452825464
41445275376
41673783832
41220012200
41220107416
41220158112
41437848080
41220591400
41488617304
41425938136
41444922672
41663629096
41454842056
41425878808
41442302848
41417125656
41432877288
41220121840
41449070656
41451027880
41435049664
41432192912
41449566896
41220450696
41437827456
41672523824
41861222224
41423448928
41219982880
41431341864
41434554056
41925412216
41916825616
41668467008
41220799568
41220088616
41450843600
41453801784
41460622160
41476441888
41702240568
41438033608
41221018576
41220675728
41459971784
41668750312
41453157360
41467440032
41426384720
41499243888
41487328584
41406764080
41430871000
41220428032
41475133960
41445615120
41458614112
41815550336
41762754544
41800710392
41219899400
41440589144
41220941104
41432786240
41447069392
41720138376
41425705728
41221163672
41407654696
42392538672
42392538464
42167362752
41979031472
41774338528
41575341688
41577753032
41220828456
41423826216
41220067504
41220733080
41429050456
41219779520
42026230048
42866636752
42055986512
41461682840
42219084544
41977849112
41459419176
41220040200
41331252856
41220073448
41670942600
41646752464
41651555248
41871271696
41861668992
41482585936
41671267216
41860900912
41630148464
41640381200
41849291288
41640465576
41658504784
41698996496
41469632768
41219706272
42014957864
41221264656
41427985232
41220195416
41220690312
41427425168
41674246344
41754342720
41219962344
41750947440
41413782984
41220294976
41423261952
41438639584
41443848760
41219440456
41673117848
41220030032
41220414728
41429341504
41437706200
41481447480
41446066696
41438811984
41220066664
41219746080
41220076720
41463930560
41220464200
41649610128
41419120352
41439048456
41425287408
41473417736
41220594264
41446975112
41456845848
41422999488
41467252920
41662632384
41694407168
41727184000
41661429120
41650682872
41593260816
41966764952
41467598992
41220741440
41470066936
41494634432
41494253032
41220741688
41438789192
41287921216
41220291328
41220900680
41220787816
41221125704
41747253840
41452932616
41420835848
41220166712
41220019432
41220125688
41220583040
41220053656
41219787776
41220474472
41220872512
41220713528
41221073800
41445065248
41219959720
41228853464
41485924648
41476852864
41448339032
41457905160
41220585616
41220713872
41220521728
41743522472
42298100872
41219595456
41219676416
41674287080
41948889200
41457896032
41457954904
41472829936
41452956504
41666877112
41455325952
41427003328
41219822624
41436576224
41220533088
41220142920
42458424288
42946533792
42201787376
41220033632
41800453648
41430387760
41660773696
41449794232
41220152296
41663266056
41220813688
41601775896
41675858984
41219897768
41435887200
41651814280
41633128576
41404042920
41404406848
41403520296
41708677656
41943224608
41350533088
41632134064
41666998768
41420290472
41220136160
41615420624
41695090896
41615435944
41472402272
41487457496
41561015280
41559299464
41220251944
41220553520
41219710088
41445106040
41445295672
41447565872
41219849144
41414881912
41422826184
41485199304
41445703200
41432343624
41432316328
41449969320
41436931712
41416565064
41219591864
41460290720
41639397120
41484046920
41220324440
41739370000
41431741592
41423430552
41681826752
41448991864
41470143536
41495029552
41715739400
41457801808
41776032904
41670661904
41579462512
41427678016
41464024248
41913956480
41760883840
41531792112
41555858584
41427703864
41474001032
41455313344
41409526800
41433798864
41678117848
41635354592
41345815128
41435561824
41436951312
41450276872
41588367704
41588122704
41668731160
41440174104
42079290600
41904556536
42167356568
41587975400
41438373624
41591765680
41423753120
41467144728
41671105216
41220138736
41220099272
41451856624
41490354440
41220988872
41589276160
41221346352
41824409640
41834750752
41331493680
41480810096
41506445640
41451364120
41465203080
41694618376
41465646240
41220248312
41447410384
41219923200
41220011688
41449631296
41817099312
41588196608
41224694416
41613085992
41219745856
41219316784
41219683160
41218849376
41218849376
41218849400
41218849376
41218849376
41218849464
41218849376
41218849376
41218849400
41218849400
41218849376
41218849376
41218849400
41218849400
41218849376
41218849376
41218849464
41218849376
41218849400
41218849376
41218849376
41218849464
41218849376
41218849376
41218849376
41218849400
41218849424
41218849376
41218849376
41218849376
41218849376
41218849376
41218849400
41218849376
41218849376
41218849376
41218849376
41218849424
41218849376
41218849376
41218849376
41218849376
41218849400
41218849400
41218849400
41218849376
41218849400
41218849376
41218849400
41218849376
41218849376
41218849376
41218849376
41218849400
41218849376
41218849376
41218849424
41218849376
41218849432
41218849376
41218849376
41218849376
41218849376
41218849376
41218849376
41218849376
41218849376
41218849424
41218849376
41218849376
41218849376
41218849376
41218849376
41218849376
41218849352
41218849376
41218849376
41218849376
41218849376
41218849376
41218849376
41218849424
41218849376
41218849424
41218849424
41218849400
41218849424
41218849376
41218849376
41218849376
41218849376
41218849424
41218849376
41218849376
41218849456
41218849376
41218849376
41218849424
41218849352
41218849584
41218849376
41218849376
41218849376
41218849376
41218849376
41218849376
41218849376
41218849352
41218849376
41218849376
41218849376
41218849376
41218849376
41218849400
41218849376
41218849376
41218849376
41218849376
41218849376
41218849376
41218849400
41218849376
41218849352
41218849376
41218572976
41218849400
41218849376
41218849400
41218849352
41218849376
41218849376
41218849376
41218849376
41218849376
41218849376
41218849376
41218849376
41218849352
41218849376
41218849376
41218849376
41218849400
41218849376
41218849376
41218849424
41218849552
41218849376
41218849424
41218849376
41218849400
41218849400
41218849376
41218849400
41218849376
41218849424
41218849376
41218849400
41218849376
41218849376
41218849352
41218849376
41218849424
41218849376
41218849376
41218849424
41218849376
41218849464
41218519520
41218440376
41218440016
41217369264
6191476344
6191474288
82432
80376
