--------------------------------------------------------------------------------
Command:            /home/proj/biocluster/praktikum/genprakt-ws16/MinION/blockteil/graphmap/bin/Linux-x64/graphmap align -r /home/proj/biosoft/MINION/human_standardchr/dna/Homo_sapiens.GRCh37.75.dna.toplevel.fa -d /home/proj/biocluster/praktikum/genprakt-ws16/MinION/Simul/500/fw.fastq -o /home/f/fechtner/runHeapEval/graphmap/out/graphmap.out.sim.massif.ms
Massif arguments:   --time-unit=ms --massif-out-file=/home/f/fechtner/runHeapEval/graphmap/massif.out.graphmap.simMM4.ms --max-snapshots=1000 --detailed-freq=10000
ms_print arguments: ./runHeapEval/graphmap/massif.out.graphmap.simMM4.ms
--------------------------------------------------------------------------------


    GB
41.64^                          #                                             
     |      ::::::::::::::::::::#                   :           :             
     |      :                  :#:::::::::::::::::::::::::::::::::::::::::::::
     |      :                  :#:::::::::::::::::::::::::::::::::::::::::::::
     |      :                  :#:::::::::::::::::::::::::::::::::::::::::::::
     |      :                  :#:::::::::::::::::::::::::::::::::::::::::::::
     |      :                  :#:::::::::::::::::::::::::::::::::::::::::::::
     |      :                  :#:::::::::::::::::::::::::::::::::::::::::::::
     |      :                  :#:::::::::::::::::::::::::::::::::::::::::::::
     |      :                  :#:::::::::::::::::::::::::::::::::::::::::::::
     |      :                  :#:::::::::::::::::::::::::::::::::::::::::::::
     |      :                  :#:::::::::::::::::::::::::::::::::::::::::::::
     |      :                  :#:::::::::::::::::::::::::::::::::::::::::::::
     |      :                  :#:::::::::::::::::::::::::::::::::::::::::::::
     |      :                  :#:::::::::::::::::::::::::::::::::::::::::::::
     |      :                  :#:::::::::::::::::::::::::::::::::::::::::::::
     |      :                  :#:::::::::::::::::::::::::::::::::::::::::::::
     |      :                  :#:::::::::::::::::::::::::::::::::::::::::::::
     |      :                  :#:::::::::::::::::::::::::::::::::::::::::::::
     |    :::                  :#:::::::::::::::::::::::::::::::::::::::::::::
   0 +----------------------------------------------------------------------->s
     0                                                                   1224.1

Number of snapshots: 673
 Detailed snapshots: [56 (peak)]

--------------------------------------------------------------------------------
  n       time(ms)         total(B)   useful-heap(B) extra-heap(B)    stacks(B)
--------------------------------------------------------------------------------
  0              0                0                0             0            0
  1          1,530       67,226,600       67,221,965         4,635            0
  2          2,683      134,335,464      134,330,829         4,635            0
  3          4,822      268,553,192      268,548,557         4,635            0
  4          8,420      268,553,504      268,548,853         4,651            0
  5          9,608      517,807,456      517,799,546         7,910            0
  6         17,202      517,807,768      517,799,842         7,926            0
  7         18,320      761,007,784      760,999,279         8,505            0
  8         24,502      761,008,096      760,999,575         8,521            0
  9         25,414      959,033,344      959,022,077        11,267            0
 10         31,387      959,033,656      959,022,373        11,283            0
 11         32,261    1,150,189,896    1,150,176,705        13,191            0
 12         37,909    1,150,190,208    1,150,177,001        13,207            0
 13         38,739    1,331,106,480    1,331,092,349        14,131            0
 14         44,118    1,331,106,792    1,331,092,645        14,147            0
 15         44,905    1,502,225,400    1,502,207,768        17,632            0
 16         49,926    1,502,225,712    1,502,208,064        17,648            0
 17         50,659    1,661,367,616    1,661,346,783        20,833            0
 18         55,242    1,661,367,928    1,661,347,079        20,849            0
 19         56,003    1,807,734,408    1,807,711,157        23,251            0
 20         60,416    1,807,734,720    1,807,711,453        23,267            0
 21         61,135    1,948,948,496    1,948,925,006        23,490            0
 22         65,483    1,948,948,808    1,948,925,302        23,506            0
 23         66,107    2,084,485,464    2,084,460,107        25,357            0
 24         70,334    2,084,485,776    2,084,460,403        25,373            0
 25         70,955    2,219,494,048    2,219,466,977        27,071            0
 26         75,117    2,219,494,360    2,219,467,273        27,087            0
 27         75,729    2,353,347,560    2,353,319,226        28,334            0
 28         79,309    2,353,347,872    2,353,319,522        28,350            0
 29         79,834    2,468,519,216    2,468,489,458        29,758            0
 30         83,171    2,468,519,528    2,468,489,754        29,774            0
 31         83,920    2,575,871,608    2,575,839,352        32,256            0
 32         87,299    2,575,871,920    2,575,839,648        32,272            0
 33         87,769    2,678,407,104    2,678,371,098        36,006            0
 34         90,578    2,678,407,416    2,678,371,394        36,022            0
 35         90,993    2,768,765,192    2,768,726,204        38,988            0
 36         93,516    2,768,765,504    2,768,726,500        39,004            0
 37         93,890    2,849,964,752    2,849,921,895        42,857            0
 38         96,317    2,849,965,064    2,849,922,191        42,873            0
 39         98,786    2,987,173,216    2,987,128,832        44,384            0
 40        100,745    2,987,173,528    2,987,129,128        44,400            0
 41        102,752    3,098,335,216    3,098,284,953        50,263            0
 42        104,583    3,149,659,008    3,149,606,791        52,217            0
 43        109,409    3,149,659,320    3,149,607,087        52,233            0
 44        110,121    3,304,930,504    3,304,877,703        52,801            0
 45        112,282    9,287,224,752    9,287,170,473        54,279            0
 46        116,410    9,287,224,824    9,287,170,528        54,296            0
 47        116,418   43,507,807,936   43,507,749,539        58,397            0
 48        432,578   43,507,808,008   43,507,749,594        58,414            0
 49        433,753   43,520,394,152   43,520,332,387        61,765            0
 50        435,305   43,558,142,888   43,558,081,123        61,765            0
 51        437,238   43,608,474,536   43,608,412,771        61,765            0
 52        439,609   43,709,137,832   43,709,076,067        61,765            0
 53        444,835   44,111,795,056   44,111,729,251        65,805            0
 54        445,207   43,910,464,424   43,910,402,659        61,765            0
 55        449,355   44,715,774,832   44,715,709,027        65,805            0
 56        450,098   44,715,774,832   44,715,709,027        65,805            0
100.00% (44,715,709,027B) (heap allocation functions) malloc/new/new[], --alloc-fns, etc.
->76.53% (34,220,573,424B) 0x42F4FD: std::vector<unsigned __int128, std::allocator<unsigned __int128> >::resize(unsigned long) (in /mnt/raidbiocluster/praktikum/genprakt-ws16/MinION/blockteil/graphmap/bin/Linux-x64/graphmap)
| ->76.53% (34,220,573,424B) 0x436DA5: is::MinimizerIndex::Deserialize_(_IO_FILE*) (in /mnt/raidbiocluster/praktikum/genprakt-ws16/MinION/blockteil/graphmap/bin/Linux-x64/graphmap)
|   ->76.53% (34,220,573,424B) 0x437A68: is::MinimizerIndex::Load(std::__cxx11::basic_string<char, std::char_traits<char>, std::allocator<char> > const&) (in /mnt/raidbiocluster/praktikum/genprakt-ws16/MinION/blockteil/graphmap/bin/Linux-x64/graphmap)
|     ->76.53% (34,220,573,424B) 0x4EFA3D: GraphMap::SetupIndex_(std::shared_ptr<SequenceFile>, std::__cxx11::basic_string<char, std::char_traits<char>, std::allocator<char> > const&, std::__cxx11::basic_string<char, std::char_traits<char>, std::allocator<char> > const&, ProgramParameters const&, long) const (in /mnt/raidbiocluster/praktikum/genprakt-ws16/MinION/blockteil/graphmap/bin/Linux-x64/graphmap)
|       ->76.53% (34,220,573,424B) 0x4F06B5: GraphMap::BuildIndexes(ProgramParameters&) (in /mnt/raidbiocluster/praktikum/genprakt-ws16/MinION/blockteil/graphmap/bin/Linux-x64/graphmap)
|         ->76.53% (34,220,573,424B) 0x4F3FE2: GraphMap::Run(ProgramParameters&) (in /mnt/raidbiocluster/praktikum/genprakt-ws16/MinION/blockteil/graphmap/bin/Linux-x64/graphmap)
|           ->76.53% (34,220,573,424B) 0x404463: main (in /mnt/raidbiocluster/praktikum/genprakt-ws16/MinION/blockteil/graphmap/bin/Linux-x64/graphmap)
|             
->13.85% (6,191,387,962B) 0x42F31B: std::vector<signed char, std::allocator<signed char> >::resize(unsigned long) (in /mnt/raidbiocluster/praktikum/genprakt-ws16/MinION/blockteil/graphmap/bin/Linux-x64/graphmap)
| ->13.85% (6,191,387,962B) 0x43698D: is::MinimizerIndex::Deserialize_(_IO_FILE*) (in /mnt/raidbiocluster/praktikum/genprakt-ws16/MinION/blockteil/graphmap/bin/Linux-x64/graphmap)
|   ->13.85% (6,191,387,962B) 0x437A68: is::MinimizerIndex::Load(std::__cxx11::basic_string<char, std::char_traits<char>, std::allocator<char> > const&) (in /mnt/raidbiocluster/praktikum/genprakt-ws16/MinION/blockteil/graphmap/bin/Linux-x64/graphmap)
|     ->13.85% (6,191,387,962B) 0x4EFA3D: GraphMap::SetupIndex_(std::shared_ptr<SequenceFile>, std::__cxx11::basic_string<char, std::char_traits<char>, std::allocator<char> > const&, std::__cxx11::basic_string<char, std::char_traits<char>, std::allocator<char> > const&, ProgramParameters const&, long) const (in /mnt/raidbiocluster/praktikum/genprakt-ws16/MinION/blockteil/graphmap/bin/Linux-x64/graphmap)
|       ->13.85% (6,191,387,962B) 0x4F06B5: GraphMap::BuildIndexes(ProgramParameters&) (in /mnt/raidbiocluster/praktikum/genprakt-ws16/MinION/blockteil/graphmap/bin/Linux-x64/graphmap)
|         ->13.85% (6,191,387,962B) 0x4F3FE2: GraphMap::Run(ProgramParameters&) (in /mnt/raidbiocluster/praktikum/genprakt-ws16/MinION/blockteil/graphmap/bin/Linux-x64/graphmap)
|           ->13.85% (6,191,387,962B) 0x404463: main (in /mnt/raidbiocluster/praktikum/genprakt-ws16/MinION/blockteil/graphmap/bin/Linux-x64/graphmap)
|             
->06.92% (3,095,694,006B) 0x4524F8: SingleSequence::InitHeaderAndDataFromAscii(char*, unsigned int, signed char*, unsigned long, long, long) (in /mnt/raidbiocluster/praktikum/genprakt-ws16/MinION/blockteil/graphmap/bin/Linux-x64/graphmap)
| ->06.92% (3,095,694,006B) 0x4420D9: SequenceFile::LoadSeqsFromFastq_(long, long, bool, bool) (in /mnt/raidbiocluster/praktikum/genprakt-ws16/MinION/blockteil/graphmap/bin/Linux-x64/graphmap)
|   ->06.92% (3,095,694,006B) 0x447D88: SequenceFile::LoadAllAsBatch(SequenceFormat, bool, bool) (in /mnt/raidbiocluster/praktikum/genprakt-ws16/MinION/blockteil/graphmap/bin/Linux-x64/graphmap)
|     ->06.92% (3,095,694,006B) 0x449F10: SequenceFile::SequenceFile(std::__cxx11::basic_string<char, std::char_traits<char>, std::allocator<char> >) (in /mnt/raidbiocluster/praktikum/genprakt-ws16/MinION/blockteil/graphmap/bin/Linux-x64/graphmap)
|       ->06.92% (3,095,694,006B) 0x4F056C: GraphMap::BuildIndexes(ProgramParameters&) (in /mnt/raidbiocluster/praktikum/genprakt-ws16/MinION/blockteil/graphmap/bin/Linux-x64/graphmap)
|         ->06.92% (3,095,694,006B) 0x4F3FE2: GraphMap::Run(ProgramParameters&) (in /mnt/raidbiocluster/praktikum/genprakt-ws16/MinION/blockteil/graphmap/bin/Linux-x64/graphmap)
|           ->06.92% (3,095,694,006B) 0x404463: main (in /mnt/raidbiocluster/praktikum/genprakt-ws16/MinION/blockteil/graphmap/bin/Linux-x64/graphmap)
|             
->02.70% (1,207,959,552B) 0x43491B: google::dense_hashtable<std::pair<unsigned long const, is::SeedHashValue>, unsigned long, std::hash<unsigned long>, google::dense_hash_map<unsigned long, is::SeedHashValue, std::hash<unsigned long>, std::equal_to<unsigned long>, google::libc_allocator_with_realloc<std::pair<unsigned long const, is::SeedHashValue> > >::SelectKey, google::dense_hash_map<unsigned long, is::SeedHashValue, std::hash<unsigned long>, std::equal_to<unsigned long>, google::libc_allocator_with_realloc<std::pair<unsigned long const, is::SeedHashValue> > >::SetKey, std::equal_to<unsigned long>, google::libc_allocator_with_realloc<std::pair<unsigned long const, is::SeedHashValue> > >::dense_hashtable(google::dense_hashtable<std::pair<unsigned long const, is::SeedHashValue>, unsigned long, std::hash<unsigned long>, google::dense_hash_map<unsigned long, is::SeedHashValue, std::hash<unsigned long>, std::equal_to<unsigned long>, google::libc_allocator_with_realloc<std::pair<unsigned long const, is::SeedHashValue> > >::SelectKey, google::dense_hash_map<unsigned long, is::SeedHashValue, std::hash<unsigned long>, std::equal_to<unsigned long>, google::libc_allocator_with_realloc<std::pair<unsigned long const, is::SeedHashValue> > >::SetKey, std::equal_to<unsigned long>, google::libc_allocator_with_realloc<std::pair<unsigned long const, is::SeedHashValue> > > const&, unsigned long) (in /mnt/raidbiocluster/praktikum/genprakt-ws16/MinION/blockteil/graphmap/bin/Linux-x64/graphmap)
| ->02.70% (1,207,959,552B) 0x435042: std::pair<unsigned long const, is::SeedHashValue>& google::dense_hashtable<std::pair<unsigned long const, is::SeedHashValue>, unsigned long, std::hash<unsigned long>, google::dense_hash_map<unsigned long, is::SeedHashValue, std::hash<unsigned long>, std::equal_to<unsigned long>, google::libc_allocator_with_realloc<std::pair<unsigned long const, is::SeedHashValue> > >::SelectKey, google::dense_hash_map<unsigned long, is::SeedHashValue, std::hash<unsigned long>, std::equal_to<unsigned long>, google::libc_allocator_with_realloc<std::pair<unsigned long const, is::SeedHashValue> > >::SetKey, std::equal_to<unsigned long>, google::libc_allocator_with_realloc<std::pair<unsigned long const, is::SeedHashValue> > >::find_or_insert<google::dense_hash_map<unsigned long, is::SeedHashValue, std::hash<unsigned long>, std::equal_to<unsigned long>, google::libc_allocator_with_realloc<std::pair<unsigned long const, is::SeedHashValue> > >::DefaultValue>(unsigned long const&) (in /mnt/raidbiocluster/praktikum/genprakt-ws16/MinION/blockteil/graphmap/bin/Linux-x64/graphmap)
|   ->02.70% (1,207,959,552B) 0x435F23: is::MinimizerIndex::ConstructHashUnderCutoff() (in /mnt/raidbiocluster/praktikum/genprakt-ws16/MinION/blockteil/graphmap/bin/Linux-x64/graphmap)
|     ->02.70% (1,207,959,552B) 0x437535: is::MinimizerIndex::Deserialize_(_IO_FILE*) (in /mnt/raidbiocluster/praktikum/genprakt-ws16/MinION/blockteil/graphmap/bin/Linux-x64/graphmap)
|       ->02.70% (1,207,959,552B) 0x437A68: is::MinimizerIndex::Load(std::__cxx11::basic_string<char, std::char_traits<char>, std::allocator<char> > const&) (in /mnt/raidbiocluster/praktikum/genprakt-ws16/MinION/blockteil/graphmap/bin/Linux-x64/graphmap)
|         ->02.70% (1,207,959,552B) 0x4EFA3D: GraphMap::SetupIndex_(std::shared_ptr<SequenceFile>, std::__cxx11::basic_string<char, std::char_traits<char>, std::allocator<char> > const&, std::__cxx11::basic_string<char, std::char_traits<char>, std::allocator<char> > const&, ProgramParameters const&, long) const (in /mnt/raidbiocluster/praktikum/genprakt-ws16/MinION/blockteil/graphmap/bin/Linux-x64/graphmap)
|           ->02.70% (1,207,959,552B) 0x4F06B5: GraphMap::BuildIndexes(ProgramParameters&) (in /mnt/raidbiocluster/praktikum/genprakt-ws16/MinION/blockteil/graphmap/bin/Linux-x64/graphmap)
|             ->02.70% (1,207,959,552B) 0x4F3FE2: GraphMap::Run(ProgramParameters&) (in /mnt/raidbiocluster/praktikum/genprakt-ws16/MinION/blockteil/graphmap/bin/Linux-x64/graphmap)
|               ->02.70% (1,207,959,552B) 0x404463: main (in /mnt/raidbiocluster/praktikum/genprakt-ws16/MinION/blockteil/graphmap/bin/Linux-x64/graphmap)
|                 
->00.00% (94,083B) in 1+ places, all below ms_print's threshold (01.00%)

--------------------------------------------------------------------------------
  n       time(ms)         total(B)   useful-heap(B) extra-heap(B)    stacks(B)
--------------------------------------------------------------------------------
 57        452,211   44,313,117,680   44,313,055,898        61,782            0
 58        453,851   41,438,411,248   41,438,341,551        69,697            0
 59        455,931   41,457,161,096   41,457,089,811        71,285            0
 60        456,931   41,445,805,152   41,445,747,878        57,274            0
 61        458,738   41,511,405,560   41,511,315,734        89,826            0
 62        459,843   41,835,667,848   41,835,565,802       102,046            0
 63        461,976   41,621,148,816   41,621,067,251        81,565            0
 64        463,519   41,437,980,312   41,437,908,277        72,035            0
 65        465,847   41,477,464,416   41,477,382,102        82,314            0
 66        467,130   41,422,588,728   41,422,531,023        57,705            0
 67        468,693   41,428,508,928   41,428,452,398        56,530            0
 68        470,914   41,453,192,016   41,453,117,229        74,787            0
 69        472,543   41,220,916,984   41,220,870,822        46,162            0
 70        473,585   41,660,126,784   41,659,982,354       144,430            0
 71        475,093   41,418,711,864   41,418,647,808        64,056            0
 72        477,479   41,715,187,496   41,715,031,208       156,288            0
 73        479,190   41,452,354,328   41,452,277,376        76,952            0
 74        480,452   41,464,446,456   41,464,366,438        80,018            0
 75        481,943   41,451,225,416   41,451,151,301        74,115            0
 76        484,383   41,221,014,848   41,220,967,625        47,223            0
 77        486,706   41,644,792,944   41,644,702,169        90,775            0
 78        488,237   41,408,648,688   41,408,596,236        52,452            0
 79        490,287   41,516,330,176   41,516,251,358        78,818            0
 80        492,082   41,422,931,696   41,422,873,538        58,158            0
 81        493,688   41,457,377,168   41,457,319,808        57,360            0
 82        495,826   41,670,748,360   41,670,664,345        84,015            0
 83        497,068   41,675,815,544   41,675,737,774        77,770            0
 84        498,442   41,662,011,568   41,661,934,601        76,967            0
 85        500,253   41,219,777,560   41,219,732,367        45,193            0
 86        501,406   41,491,502,384   41,491,420,145        82,239            0
 87        503,698   41,556,072,152   41,555,960,262       111,890            0
 88        505,324   41,220,365,720   41,220,318,818        46,902            0
 89        507,666   41,458,554,960   41,458,479,764        75,196            0
 90        509,501   41,444,871,360   41,444,798,244        73,116            0
 91        511,838   41,427,853,016   41,427,796,325        56,691            0
 92        513,986   41,451,440,720   41,451,371,323        69,397            0
 93        515,920   41,219,955,712   41,219,909,800        45,912            0
 94        517,564   41,426,784,520   41,426,728,828        55,692            0
 95        519,265   41,220,005,376   41,219,959,509        45,867            0
 96        521,446   41,651,833,064   41,651,669,161       163,903            0
 97        523,179   41,467,156,344   41,467,075,076        81,268            0
 98        525,596   41,657,502,072   41,657,352,032       150,040            0
 99        527,057   41,910,170,528   41,909,982,823       187,705            0
100        529,162   41,656,822,368   41,656,672,221       150,147            0
101        531,102   41,414,012,656   41,413,951,181        61,475            0
102        532,521   41,440,657,352   41,440,595,065        62,287            0
103        533,678   41,647,063,664   41,646,977,348        86,316            0
104        535,610   41,427,226,832   41,427,170,454        56,378            0
105        536,814   41,436,893,328   41,436,824,733        68,595            0
106        539,319   41,219,947,624   41,219,901,157        46,467            0
107        540,776   41,219,626,680   41,219,580,375        46,305            0
108        541,954   41,432,940,104   41,432,885,860        54,244            0
109        543,561   41,220,797,848   41,220,751,030        46,818            0
110        544,837   41,427,198,032   41,427,130,225        67,807            0
111        547,048   41,442,344,456   41,442,284,660        59,796            0
112        548,329   41,220,184,848   41,220,138,740        46,108            0
113        549,878   41,219,681,136   41,219,635,285        45,851            0
114        551,089   41,219,741,272   41,219,695,524        45,748            0
115        552,632   41,435,015,328   41,434,938,843        76,485            0
116        554,309   41,438,721,880   41,438,649,214        72,666            0
117        556,715   41,513,809,192   41,513,704,914       104,278            0
118        558,178   41,441,203,872   41,441,140,333        63,539            0
119        559,978   41,220,351,096   41,220,304,597        46,499            0
120        561,213   41,219,602,496   41,219,556,820        45,676            0
121        563,098   41,235,777,984   41,235,728,803        49,181            0
122        564,220   41,472,282,400   41,472,204,588        77,812            0
123        566,130   41,755,247,240   41,755,085,749       161,491            0
124        567,562   41,219,573,160   41,219,526,322        46,838            0
125        569,763   41,735,849,936   41,735,679,524       170,412            0
126        571,513   41,220,268,664   41,220,221,785        46,879            0
127        573,712   41,220,394,248   41,220,347,235        47,013            0
128        575,035   41,434,258,688   41,434,205,734        52,954            0
129        576,818   41,220,522,040   41,220,474,874        47,166            0
130        578,610   41,220,799,232   41,220,752,085        47,147            0
131        580,801   41,681,750,992   41,681,665,760        85,232            0
132        582,757   41,707,068,792   41,706,975,627        93,165            0
133        584,346   41,447,174,096   41,447,114,200        59,896            0
134        586,257   41,221,029,944   41,220,982,640        47,304            0
135        587,495   41,552,322,592   41,552,207,061       115,531            0
136        588,954   41,423,499,624   41,423,442,101        57,523            0
137        590,708   41,220,245,968   41,220,199,060        46,908            0
138        593,231   41,454,568,720   41,454,497,344        71,376            0
139        595,206   41,426,207,664   41,426,137,666        69,998            0
140        597,271   41,429,560,544   41,429,493,231        67,313            0
141        598,711   41,415,005,240   41,414,953,644        51,596            0
142        600,103   41,650,549,720   41,650,483,363        66,357            0
143        602,247   41,696,085,296   41,695,996,645        88,651            0
144        604,321   41,639,528,888   41,639,385,695       143,193            0
145        606,850   41,406,224,256   41,406,165,316        58,940            0
146        608,444   41,219,942,344   41,219,896,286        46,058            0
147        609,563   41,220,267,304   41,220,220,905        46,399            0
148        611,190   41,437,499,752   41,437,436,919        62,833            0
149        613,311   41,219,935,264   41,219,888,772        46,492            0
150        614,455   41,220,379,672   41,220,332,928        46,744            0
151        616,078   41,406,427,448   41,406,368,811        58,637            0
152        618,393   41,444,972,744   41,444,907,217        65,527            0
153        620,073   41,443,996,408   41,443,931,517        64,891            0
154        621,250   41,444,135,440   41,444,070,180        65,260            0
155        622,821   41,611,523,568   41,611,398,156       125,412            0
156        624,017   41,220,198,856   41,220,152,531        46,325            0
157        625,770   41,219,786,944   41,219,740,773        46,171            0
158        627,602   41,220,347,128   41,220,300,016        47,112            0
159        629,147   41,219,810,712   41,219,764,469        46,243            0
160        631,593   41,421,855,472   41,421,797,057        58,415            0
161        634,094   41,427,254,440   41,427,198,441        55,999            0
162        635,363   41,295,200,032   41,295,143,121        56,911            0
163        636,644   41,220,613,736   41,220,567,314        46,422            0
164        637,927   41,219,770,696   41,219,723,545        47,151            0
165        640,322   41,435,808,392   41,435,744,302        64,090            0
166        641,617   41,460,463,360   41,460,391,309        72,051            0
167        644,049   41,452,825,464   41,452,748,062        77,402            0
168        645,353   41,445,275,376   41,445,201,482        73,894            0
169        647,203   41,673,783,832   41,673,620,730       163,102            0
170        648,994   41,220,012,200   41,219,965,034        47,166            0
171        650,880   41,220,107,416   41,220,060,945        46,471            0
172        652,838   41,220,158,112   41,220,111,530        46,582            0
173        655,320   41,437,848,080   41,437,784,875        63,205            0
174        656,715   41,220,591,400   41,220,544,319        47,081            0
175        657,945   41,488,617,304   41,488,533,012        84,292            0
176        659,359   41,425,938,136   41,425,871,829        66,307            0
177        660,780   41,444,922,672   41,444,857,358        65,314            0
178        662,116   41,663,629,096   41,663,537,192        91,904            0
179        663,514   41,454,842,056   41,454,770,985        71,071            0
180        664,895   41,425,878,808   41,425,811,614        67,194            0
181        666,106   41,442,302,848   41,442,232,584        70,264            0
182        667,566   41,417,125,656   41,417,071,435        54,221            0
183        669,061   41,432,877,288   41,432,811,950        65,338            0
184        671,303   41,220,121,840   41,220,075,821        46,019            0
185        672,794   41,449,070,656   41,449,006,367        64,289            0
186        674,273   41,451,027,880   41,450,955,496        72,384            0
187        675,788   41,435,049,664   41,434,972,828        76,836            0
188        677,309   41,432,192,912   41,432,127,947        64,965            0
189        678,832   41,449,566,896   41,449,492,970        73,926            0
190        680,362   41,220,450,696   41,220,404,444        46,252            0
191        682,534   41,437,827,456   41,437,755,448        72,008            0
192        683,876   41,672,523,824   41,672,427,453        96,371            0
193        685,431   41,861,222,224   41,861,112,752       109,472            0
194        687,007   41,423,448,928   41,423,390,381        58,547            0
195        688,381   41,219,982,880   41,219,937,299        45,581            0
196        689,940   41,431,341,864   41,431,286,036        55,828            0
197        691,577   41,434,554,056   41,434,488,720        65,336            0
198        693,221   41,925,412,216   41,925,290,599       121,617            0
199        694,869   41,916,825,616   41,916,709,629       115,987            0
200        696,445   41,668,467,008   41,668,374,693        92,315            0
201        697,869   41,220,799,568   41,220,752,980        46,588            0
202        699,552   41,220,088,616   41,220,042,453        46,163            0
203        701,246   41,450,843,600   41,450,774,971        68,629            0
204        702,930   41,453,801,784   41,453,730,725        71,059            0
205        705,460   41,460,622,160   41,460,548,595        73,565            0
206        707,858   41,476,441,888   41,476,371,421        70,467            0
207        710,152   41,702,240,568   41,702,127,202       113,366            0
208        711,900   41,438,033,608   41,437,961,150        72,458            0
209        713,656   41,221,018,576   41,220,972,099        46,477            0
210        715,417   41,220,675,728   41,220,628,982        46,746            0
211        717,798   41,459,971,784   41,459,899,040        72,744            0
212        719,588   41,668,750,312   41,668,661,938        88,374            0
213        721,395   41,453,157,360   41,453,079,616        77,744            0
214        723,209   41,467,440,032   41,467,364,680        75,352            0
215        724,971   41,426,384,720   41,426,314,124        70,596            0
216        727,477   41,499,243,888   41,499,151,298        92,590            0
217        729,008   41,487,328,584   41,487,245,298        83,286            0
218        730,862   41,406,764,080   41,406,706,006        58,074            0
219        732,751   41,430,871,000   41,430,807,595        63,405            0
220        734,644   41,220,428,032   41,220,381,712        46,320            0
221        736,269   41,475,133,960   41,475,052,091        81,869            0
222        738,191   41,445,615,120   41,445,541,553        73,567            0
223        739,883   41,458,614,112   41,458,535,247        78,865            0
224        740,850   41,815,550,336   41,815,407,762       142,574            0
225        742,785   41,762,754,544   41,762,637,090       117,454            0
226        744,538   41,800,710,392   41,800,587,352       123,040            0
227        746,508   41,219,899,400   41,219,853,285        46,115            0
228        748,477   41,440,589,144   41,440,521,743        67,401            0
229        750,466   41,220,941,104   41,220,894,476        46,628            0
230        752,323   41,432,786,240   41,432,721,450        64,790            0
231        754,266   41,447,069,392   41,447,010,294        59,098            0
232        755,283   41,720,138,376   41,720,055,484        82,892            0
233        757,116   41,425,705,728   41,425,636,331        69,397            0
234        759,162   41,221,163,672   41,221,116,876        46,796            0
235        761,092   41,407,654,696   41,407,599,591        55,105            0
236        763,156   42,392,538,672   42,392,359,080       179,592            0
237        764,851   42,392,538,464   42,392,358,928       179,536            0
238        766,921   42,167,362,752   42,167,222,727       140,025            0
239        769,011   41,979,031,472   41,978,900,782       130,690            0
240        770,055   41,774,338,528   41,774,227,712       110,816            0
241        771,635   41,575,341,688   41,575,228,288       113,400            0
242        773,654   41,577,753,032   41,577,646,242       106,790            0
243        774,722   41,220,828,456   41,220,781,459        46,997            0
244        776,629   41,423,826,216   41,423,767,631        58,585            0
245        778,790   41,220,067,504   41,220,020,716        46,788            0
246        780,971   41,220,733,080   41,220,686,532        46,548            0
247        783,168   41,429,050,456   41,428,985,987        64,469            0
248        785,391   41,219,779,520   41,219,733,034        46,486            0
249        787,618   42,026,230,048   42,026,044,810       185,238            0
250        789,644   42,866,636,752   42,866,268,579       368,173            0
251        791,907   42,055,986,512   42,055,773,470       213,042            0
252        793,849   41,461,682,840   41,461,603,215        79,625            0
253        796,139   42,219,084,544   42,218,908,904       175,640            0
254        798,247   41,977,849,112   41,977,706,322       142,790            0
255        800,543   41,459,419,176   41,459,344,425        74,751            0
256        801,706   41,220,040,200   41,219,994,098        46,102            0
257        803,881   41,331,252,856   41,331,185,008        67,848            0
258        805,056   41,220,073,448   41,220,027,069        46,379            0
259        807,393   41,670,942,600   41,670,850,886        91,714            0
260        809,757   41,646,752,464   41,646,657,517        94,947            0
261        810,942   41,651,555,248   41,651,391,759       163,489            0
262        813,304   41,871,271,696   41,871,115,196       156,500            0
263        815,674   41,861,668,992   41,861,513,025       155,967            0
264        817,650   41,482,585,936   41,482,506,510        79,426            0
265        820,034   41,671,267,216   41,671,180,181        87,035            0
266        821,235   41,860,900,912   41,860,804,239        96,673            0
267        823,626   41,630,148,464   41,630,071,243        77,221            0
268        826,043   41,640,381,200   41,640,299,644        81,556            0
269        827,257   41,849,291,288   41,849,191,638        99,650            0
270        829,380   41,640,465,576   41,640,384,327        81,249            0
271        831,841   41,658,504,784   41,658,429,079        75,705            0
272        834,287   41,698,996,496   41,698,911,044        85,452            0
273        835,522   41,469,632,768   41,469,565,980        66,788            0
274        837,664   41,219,706,272   41,219,660,024        46,248            0
275        839,767   42,014,957,864   42,014,733,753       224,111            0
276        842,281   41,221,264,656   41,221,217,148        47,508            0
277        843,544   41,427,985,232   41,427,928,140        57,092            0
278        845,968   41,220,195,416   41,220,148,660        46,756            0
279        847,248   41,220,690,312   41,220,643,091        47,221            0
280        848,519   41,427,425,168   41,427,365,444        59,724            0
281        849,788   41,674,246,344   41,674,158,110        88,234            0
282        851,057   41,754,342,720   41,754,166,363       176,357            0
283        852,336   41,219,962,344   41,219,916,184        46,160            0
284        854,557   41,750,947,440   41,750,791,067       156,373            0
285        855,852   41,413,782,984   41,413,732,962        50,022            0
286        857,158   41,220,294,976   41,220,248,132        46,844            0
287        858,467   41,423,261,952   41,423,203,687        58,265            0
288        859,795   41,438,639,584   41,438,566,698        72,886            0
289        861,123   41,443,848,760   41,443,783,446        65,314            0
290        862,378   41,219,440,456   41,219,394,617        45,839            0
291        863,721   41,673,117,848   41,673,037,221        80,627            0
292        865,049   41,220,030,032   41,219,983,414        46,618            0
293        866,418   41,220,414,728   41,220,367,024        47,704            0
294        867,696   41,429,341,504   41,429,273,631        67,873            0
295        869,067   41,437,706,200   41,437,641,890        64,310            0
296        870,435   41,481,447,480   41,481,371,402        76,078            0
297        871,819   41,446,066,696   41,446,001,836        64,860            0
298        873,203   41,438,811,984   41,438,738,327        73,657            0
299        874,600   41,220,066,664   41,220,020,074        46,590            0
300        875,973   41,219,746,080   41,219,699,800        46,280            0
301        877,367   41,220,076,720   41,220,029,692        47,028            0
302        878,766   41,463,930,560   41,463,850,427        80,133            0
303        880,178   41,220,464,200   41,220,417,162        47,038            0
304        882,616   41,649,610,128   41,649,518,909        91,219            0
305        884,030   41,419,120,352   41,419,060,620        59,732            0
306        885,453   41,439,048,456   41,438,975,525        72,931            0
307        886,873   41,425,287,408   41,425,222,777        64,631            0
308        888,305   41,473,417,736   41,473,332,354        85,382            0
309        889,739   41,220,594,264   41,220,546,535        47,729            0
310        890,997   41,446,975,112   41,446,894,951        80,161            0
311        892,435   41,456,845,848   41,456,783,373        62,475            0
312        893,876   41,422,999,488   41,422,941,654        57,834            0
313        895,325   41,467,252,920   41,467,171,578        81,342            0
314        896,775   41,662,632,384   41,662,533,620        98,764            0
315        898,200   41,694,407,168   41,694,308,030        99,138            0
316        899,513   41,727,184,000   41,727,075,217       108,783            0
317        900,982   41,661,429,120   41,661,333,876        95,244            0
318        902,458   41,650,682,872   41,650,586,067        96,805            0
319        903,936   41,593,260,816   41,593,149,508       111,308            0
320        905,300   41,966,764,952   41,966,588,274       176,678            0
321        906,793   41,467,598,992   41,467,528,506        70,486            0
322        908,281   41,220,741,440   41,220,694,833        46,607            0
323        909,462   41,470,066,936   41,469,999,907        67,029            0
324        910,971   41,494,634,432   41,494,554,627        79,805            0
325        912,491   41,494,253,032   41,494,173,315        79,717            0
326        914,013   41,220,741,688   41,220,694,552        47,136            0
327        915,540   41,438,789,192   41,438,715,660        73,532            0
328        917,035   41,287,921,216   41,287,859,002        62,214            0
329        918,563   41,220,291,328   41,220,244,453        46,875            0
330        920,092   41,220,900,680   41,220,853,631        47,049            0
331        921,242   41,220,787,816   41,220,741,006        46,810            0
332        922,778   41,221,125,704   41,221,078,524        47,180            0
333        924,289   41,747,253,840   41,747,072,146       181,694            0
334        925,825   41,452,932,616   41,452,854,811        77,805            0
335        927,363   41,420,835,848   41,420,778,575        57,273            0
336        928,906   41,220,166,712   41,220,120,021        46,691            0
337        930,457   41,220,019,432   41,219,972,395        47,037            0
338        932,006   41,220,125,688   41,220,078,671        47,017            0
339        933,562   41,220,583,040   41,220,535,916        47,124            0
340        935,124   41,220,053,656   41,220,006,665        46,991            0
341        936,689   41,219,787,776   41,219,740,891        46,885            0
342        938,264   41,220,474,472   41,220,427,282        47,190            0
343        939,835   41,220,872,512   41,220,825,195        47,317            0
344        941,413   41,220,713,528   41,220,666,217        47,311            0
345        942,998   41,221,073,800   41,221,026,400        47,400            0
346        944,579   41,445,065,248   41,444,999,126        66,122            0
347        946,169   41,219,959,720   41,219,913,079        46,641            0
348        947,770   41,228,853,464   41,228,806,758        46,706            0
349        949,372   41,485,924,648   41,485,853,733        70,915            0
350        950,786   41,476,852,864   41,476,782,155        70,709            0
351        952,409   41,448,339,032   41,448,259,617        79,415            0
352        954,033   41,457,905,160   41,457,842,200        62,960            0
353        955,332   41,220,585,616   41,220,538,618        46,998            0
354        956,959   41,220,713,872   41,220,666,857        47,015            0
355        958,538   41,220,521,728   41,220,474,958        46,770            0
356        960,175   41,743,522,472   41,743,364,953       157,519            0
357        961,817   42,298,100,872   42,297,822,109       278,763            0
358        963,458   41,219,595,456   41,219,549,275        46,181            0
359        964,850   41,219,676,416   41,219,630,038        46,378            0
360        966,494   41,674,287,080   41,674,133,674       153,406            0
361        968,167   41,948,889,200   41,948,713,660       175,540            0
362        969,840   41,457,896,032   41,457,821,508        74,524            0
363        971,517   41,457,954,904   41,457,880,789        74,115            0
364        973,196   41,472,829,936   41,472,744,766        85,170            0
365        974,885   41,452,956,504   41,452,878,471        78,033            0
366        976,565   41,666,877,112   41,666,793,290        83,822            0
367        978,245   41,455,325,952   41,455,263,936        62,016            0
368        979,945   41,427,003,328   41,426,935,048        68,280            0
369        981,543   41,219,822,624   41,219,776,169        46,455            0
370        983,248   41,436,576,224   41,436,507,356        68,868            0
371        984,975   41,220,533,088   41,220,485,688        47,400            0
372        986,716   41,220,142,920   41,220,095,988        46,932            0
373        988,464   42,458,424,288   42,458,149,636       274,652            0
374        990,055   42,946,533,792   42,946,129,168       404,624            0
375        991,724   42,201,787,376   42,201,513,542       273,834            0
376        993,470   41,220,033,632   41,219,986,354        47,278            0
377        995,130   41,800,453,648   41,800,263,982       189,666            0
378        996,886   41,430,387,760   41,430,324,041        63,719            0
379        998,616   41,660,773,696   41,660,690,873        82,823            0
380      1,000,391   41,449,794,232   41,449,728,490        65,742            0
381      1,002,174   41,220,152,296   41,220,105,371        46,925            0
382      1,003,814   41,663,266,056   41,663,177,074        88,982            0
383      1,005,604   41,220,813,688   41,220,766,523        47,165            0
384      1,006,932   41,601,775,896   41,601,658,329       117,567            0
385      1,008,507   41,675,858,984   41,675,718,097       140,887            0
386      1,010,313   41,219,897,768   41,219,850,764        47,004            0
387      1,012,111   41,435,887,200   41,435,822,840        64,360            0
388      1,013,712   41,651,814,280   41,651,723,493        90,787            0
389      1,015,524   41,633,128,576   41,633,048,724        79,852            0
390      1,017,349   41,404,042,920   41,403,981,482        61,438            0
391      1,019,178   41,404,406,848   41,404,345,345        61,503            0
392      1,021,008   41,403,520,296   41,403,459,076        61,220            0
393      1,022,842   41,708,677,656   41,708,578,466        99,190            0
394      1,024,652   41,943,224,608   41,943,099,681       124,927            0
395      1,026,456   41,350,533,088   41,350,470,352        62,736            0
396      1,028,307   41,632,134,064   41,632,052,480        81,584            0
397      1,030,191   41,666,998,768   41,666,906,872        91,896            0
398      1,032,074   41,420,290,472   41,420,225,686        64,786            0
399      1,033,726   41,220,136,160   41,220,089,487        46,673            0
400      1,035,508   41,615,420,624   41,615,287,587       133,037            0
401      1,037,404   41,695,090,896   41,694,955,851       135,045            0
402      1,039,158   41,615,435,944   41,615,302,917       133,027            0
403      1,040,788   41,472,402,272   41,472,333,235        69,037            0
404      1,042,702   41,487,457,496   41,487,365,388        92,108            0
405      1,044,311   41,561,015,280   41,560,895,856       119,424            0
406      1,046,051   41,559,299,464   41,559,184,735       114,729            0
407      1,047,983   41,220,251,944   41,220,204,830        47,114            0
408      1,049,912   41,220,553,520   41,220,506,273        47,247            0
409      1,051,743   41,219,710,088   41,219,663,620        46,468            0
410      1,053,679   41,445,106,040   41,445,032,011        74,029            0
411      1,055,614   41,445,295,672   41,445,221,527        74,145            0
412      1,057,411   41,447,565,872   41,447,505,636        60,236            0
413      1,059,366   41,219,849,144   41,219,802,217        46,927            0
414      1,061,305   41,414,881,912   41,414,829,883        52,029            0
415      1,063,265   41,422,826,184   41,422,769,097        57,087            0
416      1,065,214   41,485,199,304   41,485,115,599        83,705            0
417      1,067,099   41,445,703,200   41,445,638,771        64,429            0
418      1,069,056   41,432,343,624   41,432,278,629        64,995            0
419      1,071,041   41,432,316,328   41,432,251,120        65,208            0
420      1,073,046   41,449,969,320   41,449,903,684        65,636            0
421      1,075,061   41,436,931,712   41,436,869,067        62,645            0
422      1,077,082   41,416,565,064   41,416,511,203        53,861            0
423      1,079,125   41,219,591,864   41,219,544,829        47,035            0
424      1,081,160   41,460,290,720   41,460,217,091        73,629            0
425      1,083,038   41,639,397,120   41,639,253,782       143,338            0
426      1,085,098   41,484,046,920   41,483,959,313        87,607            0
427      1,087,165   41,220,324,440   41,220,277,769        46,671            0
428      1,089,232   41,739,370,000   41,739,252,019       117,981            0
429      1,091,302   41,431,741,592   41,431,677,469        64,123            0
430      1,093,384   41,423,430,552   41,423,373,492        57,060            0
431      1,095,479   41,681,826,752   41,681,730,094        96,658            0
432      1,097,475   41,448,991,864   41,448,918,126        73,738            0
433      1,099,577   41,470,143,536   41,470,062,127        81,409            0
434      1,101,451   41,495,029,552   41,494,944,348        85,204            0
435      1,103,553   41,715,739,400   41,715,632,832       106,568            0
436      1,105,279   41,457,801,808   41,457,728,469        73,339            0
437      1,107,360   41,776,032,904   41,775,892,159       140,745            0
438      1,109,111   41,670,661,904   41,670,569,977        91,927            0
439      1,111,537   41,579,462,512   41,579,339,370       123,142            0
440      1,113,672   41,427,678,016   41,427,617,479        60,537            0
441      1,115,319   41,464,024,248   41,463,943,992        80,256            0
442      1,117,284   41,913,956,480   41,913,841,291       115,189            0
443      1,118,571   41,760,883,840   41,760,741,678       142,162            0
444      1,119,942   41,531,792,112   41,531,694,074        98,038            0
445      1,122,014   41,555,858,584   41,555,746,487       112,097            0
446      1,123,318   41,427,703,864   41,427,635,695        68,169            0
447      1,125,443   41,474,001,032   41,473,918,814        82,218            0
448      1,126,995   41,455,313,344   41,455,240,607        72,737            0
449      1,128,988   41,409,526,800   41,409,468,937        57,863            0
450      1,130,632   41,433,798,864   41,433,744,299        54,565            0
451      1,132,814   41,678,117,848   41,678,029,923        87,925            0
452      1,134,446   41,635,354,592   41,635,287,203        67,389            0
453      1,135,646   41,345,815,128   41,345,758,373        56,755            0
454      1,137,256   41,435,561,824   41,435,484,928        76,896            0
455      1,138,894   41,436,951,312   41,436,882,798        68,514            0
456      1,140,737   41,450,276,872   41,450,211,649        65,223            0
457      1,142,075   41,588,367,704   41,588,297,696        70,008            0
458      1,143,675   41,588,122,704   41,588,042,738        79,966            0
459      1,145,722   41,668,731,160   41,668,649,673        81,487            0
460      1,147,685   41,440,174,104   41,440,111,759        62,345            0
461      1,149,930   42,079,290,600   42,079,107,801       182,799            0
462      1,151,663   41,904,556,536   41,904,374,105       182,431            0
463      1,153,302   42,167,356,568   42,167,125,417       231,151            0
464      1,155,698   41,587,975,400   41,587,849,025       126,375            0
465      1,157,738   41,438,373,624   41,438,300,186        73,438            0
466      1,160,221   41,591,765,680   41,591,629,985       135,695            0
467      1,162,063   41,423,753,120   41,423,695,554        57,566            0
468      1,164,217   41,467,144,728   41,467,069,984        74,744            0
469      1,165,898   41,671,105,216   41,671,022,177        83,039            0
470      1,167,928   41,220,138,736   41,220,092,307        46,429            0
471      1,170,297   41,220,099,272   41,220,052,914        46,358            0
472      1,172,018   41,451,856,624   41,451,786,951        69,673            0
473      1,174,470   41,490,354,440   41,490,277,951        76,489            0
474      1,176,698   41,220,988,872   41,220,942,183        46,689            0
475      1,178,542   41,589,276,160   41,589,182,265        93,895            0
476      1,180,126   41,221,346,352   41,221,299,075        47,277            0
477      1,181,813   41,824,409,640   41,824,242,855       166,785            0
478      1,183,058   41,834,750,752   41,834,556,651       194,101            0
479      1,184,703   41,331,493,680   41,331,424,640        69,040            0
480      1,186,203   41,480,810,096   41,480,734,579        75,517            0
481      1,188,172   41,506,445,640   41,506,352,036        93,604            0
482      1,189,774   41,451,364,120   41,451,291,840        72,280            0
483      1,191,060   41,465,203,080   41,465,136,002        67,078            0
484      1,193,076   41,694,618,376   41,694,517,412       100,964            0
485      1,195,042   41,465,646,240   41,465,572,975        73,265            0
486      1,196,814   41,220,248,312   41,220,201,750        46,562            0
487      1,198,350   41,447,410,384   41,447,350,473        59,911            0
488      1,200,460   41,219,923,200   41,219,877,134        46,066            0
489      1,202,815   41,220,011,688   41,219,965,268        46,420            0
490      1,203,913   41,449,631,296   41,449,557,530        73,766            0
491      1,205,361   41,817,099,312   41,816,944,124       155,188            0
492      1,207,486   41,588,196,608   41,588,070,279       126,329            0
493      1,209,068   41,224,694,416   41,224,648,089        46,327            0
494      1,210,102   41,613,085,992   41,612,960,178       125,814            0
495      1,211,661   41,219,745,856   41,219,699,974        45,882            0
496      1,213,709   41,219,316,784   41,219,272,209        44,575            0
497      1,215,661   41,219,683,160   41,219,638,535        44,625            0
498      1,217,854   41,218,849,376   41,218,805,639        43,737            0
499      1,219,671   41,218,849,376   41,218,805,639        43,737            0
500      1,219,679   41,218,849,400   41,218,805,647        43,753            0
501      1,219,687   41,218,849,376   41,218,805,639        43,737            0
502      1,219,695   41,218,849,376   41,218,805,639        43,737            0
503      1,219,705   41,218,849,464   41,218,805,694        43,770            0
504      1,219,713   41,218,849,376   41,218,805,639        43,737            0
505      1,219,721   41,218,849,376   41,218,805,639        43,737            0
506      1,219,729   41,218,849,400   41,218,805,647        43,753            0
507      1,219,737   41,218,849,400   41,218,805,647        43,753            0
508      1,219,745   41,218,849,376   41,218,805,639        43,737            0
509      1,219,753   41,218,849,376   41,218,805,639        43,737            0
510      1,219,761   41,218,849,400   41,218,805,647        43,753            0
511      1,219,769   41,218,849,400   41,218,805,647        43,753            0
512      1,219,777   41,218,849,376   41,218,805,639        43,737            0
513      1,219,785   41,218,849,376   41,218,805,639        43,737            0
514      1,219,793   41,218,849,464   41,218,805,694        43,770            0
515      1,219,801   41,218,849,376   41,218,805,639        43,737            0
516      1,219,809   41,218,849,400   41,218,805,647        43,753            0
517      1,219,817   41,218,849,376   41,218,805,639        43,737            0
518      1,219,825   41,218,849,376   41,218,805,639        43,737            0
519      1,219,835   41,218,849,464   41,218,805,694        43,770            0
520      1,219,843   41,218,849,376   41,218,805,639        43,737            0
521      1,219,851   41,218,849,376   41,218,805,639        43,737            0
522      1,219,859   41,218,849,376   41,218,805,639        43,737            0
523      1,219,867   41,218,849,400   41,218,805,647        43,753            0
524      1,219,875   41,218,849,424   41,218,805,655        43,769            0
525      1,219,883   41,218,849,376   41,218,805,639        43,737            0
526      1,219,891   41,218,849,376   41,218,805,639        43,737            0
527      1,219,899   41,218,849,376   41,218,805,639        43,737            0
528      1,219,907   41,218,849,376   41,218,805,639        43,737            0
529      1,219,915   41,218,849,376   41,218,805,639        43,737            0
530      1,219,923   41,218,849,400   41,218,805,647        43,753            0
531      1,219,931   41,218,849,376   41,218,805,639        43,737            0
532      1,219,939   41,218,849,376   41,218,805,639        43,737            0
533      1,219,947   41,218,849,376   41,218,805,639        43,737            0
534      1,219,955   41,218,849,376   41,218,805,639        43,737            0
535      1,219,963   41,218,849,424   41,218,805,655        43,769            0
536      1,219,971   41,218,849,376   41,218,805,639        43,737            0
537      1,219,979   41,218,849,376   41,218,805,639        43,737            0
538      1,219,987   41,218,849,376   41,218,805,639        43,737            0
539      1,219,995   41,218,849,376   41,218,805,639        43,737            0
540      1,220,003   41,218,849,400   41,218,805,647        43,753            0
541      1,220,011   41,218,849,400   41,218,805,647        43,753            0
542      1,220,019   41,218,849,400   41,218,805,647        43,753            0
543      1,220,027   41,218,849,376   41,218,805,639        43,737            0
544      1,220,035   41,218,849,400   41,218,805,647        43,753            0
545      1,220,043   41,218,849,376   41,218,805,639        43,737            0
546      1,220,051   41,218,849,400   41,218,805,647        43,753            0
547      1,220,059   41,218,849,376   41,218,805,639        43,737            0
548      1,220,067   41,218,849,376   41,218,805,639        43,737            0
549      1,220,075   41,218,849,376   41,218,805,639        43,737            0
550      1,220,083   41,218,849,376   41,218,805,639        43,737            0
551      1,220,091   41,218,849,400   41,218,805,657        43,743            0
552      1,220,099   41,218,849,376   41,218,805,649        43,727            0
553      1,220,107   41,218,849,376   41,218,805,649        43,727            0
554      1,220,115   41,218,849,424   41,218,805,665        43,759            0
555      1,220,123   41,218,849,376   41,218,805,649        43,727            0
556      1,220,131   41,218,849,432   41,218,805,674        43,758            0
557      1,220,139   41,218,849,376   41,218,805,639        43,737            0
558      1,220,147   41,218,849,376   41,218,805,639        43,737            0
559      1,220,155   41,218,849,376   41,218,805,639        43,737            0
560      1,220,163   41,218,849,376   41,218,805,639        43,737            0
561      1,220,171   41,218,849,376   41,218,805,639        43,737            0
562      1,220,179   41,218,849,376   41,218,805,639        43,737            0
563      1,220,187   41,218,849,376   41,218,805,639        43,737            0
564      1,220,195   41,218,849,376   41,218,805,639        43,737            0
565      1,220,203   41,218,849,424   41,218,805,655        43,769            0
566      1,220,211   41,218,849,376   41,218,805,639        43,737            0
567      1,220,219   41,218,849,376   41,218,805,639        43,737            0
568      1,220,227   41,218,849,376   41,218,805,639        43,737            0
569      1,220,235   41,218,849,376   41,218,805,639        43,737            0
570      1,220,243   41,218,849,376   41,218,805,639        43,737            0
571      1,220,251   41,218,849,376   41,218,805,639        43,737            0
572      1,220,259   41,218,849,352   41,218,805,631        43,721            0
573      1,220,267   41,218,849,376   41,218,805,639        43,737            0
574      1,220,275   41,218,849,376   41,218,805,639        43,737            0
575      1,220,283   41,218,849,376   41,218,805,639        43,737            0
576      1,220,291   41,218,849,376   41,218,805,639        43,737            0
577      1,220,299   41,218,849,376   41,218,805,639        43,737            0
578      1,220,307   41,218,849,376   41,218,805,639        43,737            0
579      1,220,315   41,218,849,424   41,218,805,655        43,769            0
580      1,220,323   41,218,849,376   41,218,805,639        43,737            0
581      1,220,331   41,218,849,424   41,218,805,655        43,769            0
582      1,220,339   41,218,849,424   41,218,805,655        43,769            0
583      1,220,347   41,218,849,400   41,218,805,647        43,753            0
584      1,220,355   41,218,849,424   41,218,805,655        43,769            0
585      1,220,363   41,218,849,376   41,218,805,639        43,737            0
586      1,220,371   41,218,849,376   41,218,805,639        43,737            0
587      1,220,379   41,218,849,376   41,218,805,639        43,737            0
588      1,220,387   41,218,849,376   41,218,805,639        43,737            0
589      1,220,395   41,218,849,424   41,218,805,655        43,769            0
590      1,220,403   41,218,849,376   41,218,805,639        43,737            0
591      1,220,411   41,218,849,376   41,218,805,639        43,737            0
592      1,220,419   41,218,849,456   41,218,805,727        43,729            0
593      1,220,427   41,218,849,376   41,218,805,639        43,737            0
594      1,220,435   41,218,849,376   41,218,805,639        43,737            0
595      1,220,443   41,218,849,424   41,218,805,655        43,769            0
596      1,220,451   41,218,849,352   41,218,805,631        43,721            0
597      1,220,459   41,218,849,584   41,218,805,794        43,790            0
598      1,220,467   41,218,849,376   41,218,805,639        43,737            0
599      1,220,475   41,218,849,376   41,218,805,639        43,737            0
600      1,220,483   41,218,849,376   41,218,805,639        43,737            0
601      1,220,491   41,218,849,376   41,218,805,639        43,737            0
602      1,220,499   41,218,849,376   41,218,805,639        43,737            0
603      1,220,507   41,218,849,376   41,218,805,639        43,737            0
604      1,220,515   41,218,849,376   41,218,805,639        43,737            0
605      1,220,523   41,218,849,352   41,218,805,631        43,721            0
606      1,220,531   41,218,849,376   41,218,805,639        43,737            0
607      1,220,539   41,218,849,376   41,218,805,639        43,737            0
608      1,220,547   41,218,849,376   41,218,805,639        43,737            0
609      1,220,555   41,218,849,376   41,218,805,639        43,737            0
610      1,220,563   41,218,849,376   41,218,805,639        43,737            0
611      1,220,571   41,218,849,400   41,218,805,647        43,753            0
612      1,220,579   41,218,849,376   41,218,805,639        43,737            0
613      1,220,587   41,218,849,376   41,218,805,639        43,737            0
614      1,220,595   41,218,849,376   41,218,805,639        43,737            0
615      1,220,603   41,218,849,376   41,218,805,639        43,737            0
616      1,220,611   41,218,849,376   41,218,805,639        43,737            0
617      1,220,619   41,218,849,376   41,218,805,639        43,737            0
618      1,220,627   41,218,849,400   41,218,805,647        43,753            0
619      1,220,635   41,218,849,376   41,218,805,639        43,737            0
620      1,220,643   41,218,849,352   41,218,805,631        43,721            0
621      1,220,651   41,218,849,376   41,218,805,639        43,737            0
622      1,220,659   41,218,572,976   41,218,529,278        43,698            0
623      1,220,667   41,218,849,400   41,218,805,647        43,753            0
624      1,220,675   41,218,849,376   41,218,805,639        43,737            0
625      1,220,683   41,218,849,400   41,218,805,647        43,753            0
626      1,220,691   41,218,849,352   41,218,805,631        43,721            0
627      1,220,699   41,218,849,376   41,218,805,639        43,737            0
628      1,220,707   41,218,849,376   41,218,805,639        43,737            0
629      1,220,715   41,218,849,376   41,218,805,639        43,737            0
630      1,220,723   41,218,849,376   41,218,805,639        43,737            0
631      1,220,731   41,218,849,376   41,218,805,639        43,737            0
632      1,220,739   41,218,849,376   41,218,805,639        43,737            0
633      1,220,747   41,218,849,376   41,218,805,639        43,737            0
634      1,220,755   41,218,849,376   41,218,805,639        43,737            0
635      1,220,763   41,218,849,352   41,218,805,631        43,721            0
636      1,220,771   41,218,849,376   41,218,805,639        43,737            0
637      1,220,779   41,218,849,376   41,218,805,639        43,737            0
638      1,220,787   41,218,849,376   41,218,805,639        43,737            0
639      1,220,795   41,218,849,400   41,218,805,647        43,753            0
640      1,220,803   41,218,849,376   41,218,805,639        43,737            0
641      1,220,811   41,218,849,376   41,218,805,639        43,737            0
642      1,220,819   41,218,849,424   41,218,805,655        43,769            0
643      1,220,827   41,218,849,552   41,218,805,738        43,814            0
644      1,220,835   41,218,849,376   41,218,805,639        43,737            0
645      1,220,843   41,218,849,424   41,218,805,655        43,769            0
646      1,220,851   41,218,849,376   41,218,805,639        43,737            0
647      1,220,859   41,218,849,400   41,218,805,647        43,753            0
648      1,220,867   41,218,849,400   41,218,805,647        43,753            0
649      1,220,875   41,218,849,376   41,218,805,639        43,737            0
650      1,220,883   41,218,849,400   41,218,805,647        43,753            0
651      1,220,891   41,218,849,376   41,218,805,639        43,737            0
652      1,220,899   41,218,849,424   41,218,805,655        43,769            0
653      1,220,907   41,218,849,376   41,218,805,639        43,737            0
654      1,220,915   41,218,849,400   41,218,805,647        43,753            0
655      1,220,923   41,218,849,376   41,218,805,639        43,737            0
656      1,220,931   41,218,849,376   41,218,805,639        43,737            0
657      1,220,939   41,218,849,352   41,218,805,631        43,721            0
658      1,220,947   41,218,849,376   41,218,805,639        43,737            0
659      1,220,955   41,218,849,424   41,218,805,655        43,769            0
660      1,220,963   41,218,849,376   41,218,805,639        43,737            0
661      1,220,971   41,218,849,376   41,218,805,639        43,737            0
662      1,220,979   41,218,849,424   41,218,805,655        43,769            0
663      1,220,987   41,218,849,376   41,218,805,639        43,737            0
664      1,220,995   41,218,849,464   41,218,805,694        43,770            0
665      1,221,003   41,218,519,520   41,218,475,806        43,714            0
666      1,221,011   41,218,440,376   41,218,397,110        43,266            0
667      1,221,020   41,218,440,016   41,218,396,808        43,208            0
668      1,222,475   41,217,369,264   41,217,357,548        11,716            0
669      1,222,522    6,191,476,344    6,191,472,985         3,359            0
670      1,224,091    6,191,474,288    6,191,470,937         3,351            0
671      1,224,116           82,432           81,807           625            0
672      1,224,136           80,376           80,048           328            0
