--------------------------------------------------------------------------------
Command:            /home/proj/biocluster/praktikum/genprakt-ws16/MinION/blockteil/bwa/bwa mem -x ont2d /home/proj/biosoft/MINION/INDEX/bwa_19.standardchr/bwa /home/proj/biocluster/praktikum/genprakt/MinION/Simul/500/fw.fastq
Massif arguments:   --time-unit=ms --stacks=yes --massif-out-file=/home/f/fechtner/runHeapEval/bwa/massif.out.bwa.simMM4.ms --max-snapshots=1000 --detailed-freq=10000
ms_print arguments: ./runHeapEval/bwa/massif.out.bwa.simMM4.ms
--------------------------------------------------------------------------------


    GB
5.049^                                                                       :
     |                     #::::::::::::::::::::::::::::::::::::::::::::::::::
     |                     #  ::::::::::::::::::::::::::::::::::::::::::::::::
     |              :::::::#  ::::::::::::::::::::::::::::::::::::::::::::::::
     |              :::::::#  ::::::::::::::::::::::::::::::::::::::::::::::::
     |              :::::::#  ::::::::::::::::::::::::::::::::::::::::::::::::
     |              :::::::#  ::::::::::::::::::::::::::::::::::::::::::::::::
     |              :::::::#  ::::::::::::::::::::::::::::::::::::::::::::::::
     |              :::::::#  ::::::::::::::::::::::::::::::::::::::::::::::::
     |:::::::::::::::::::::#  ::::::::::::::::::::::::::::::::::::::::::::::::
     |:::::::::::::::::::::#  ::::::::::::::::::::::::::::::::::::::::::::::::
     |:::::::::::::::::::::#  ::::::::::::::::::::::::::::::::::::::::::::::::
     |:::::::::::::::::::::#  ::::::::::::::::::::::::::::::::::::::::::::::::
     |:::::::::::::::::::::#  ::::::::::::::::::::::::::::::::::::::::::::::::
     |:::::::::::::::::::::#  ::::::::::::::::::::::::::::::::::::::::::::::::
     |:::::::::::::::::::::#  ::::::::::::::::::::::::::::::::::::::::::::::::
     |:::::::::::::::::::::#  ::::::::::::::::::::::::::::::::::::::::::::::::
     |:::::::::::::::::::::#  ::::::::::::::::::::::::::::::::::::::::::::::::
     |:::::::::::::::::::::#  ::::::::::::::::::::::::::::::::::::::::::::::::
     |:::::::::::::::::::::#  ::::::::::::::::::::::::::::::::::::::::::::::::
   0 +----------------------------------------------------------------------->s
     0                                                                   144.4

Number of snapshots: 667
 Detailed snapshots: [161 (peak)]

--------------------------------------------------------------------------------
  n       time(ms)         total(B)   useful-heap(B) extra-heap(B)    stacks(B)
--------------------------------------------------------------------------------
  0              0                0                0             0            0
  1            336            3,488            2,327            89        1,072
  2          1,234    3,095,698,792    3,095,696,359         1,361        1,072
  3          1,411    3,095,698,832    3,095,696,359         1,361        1,112
  4          1,700    3,095,698,832    3,095,696,359         1,361        1,112
  5          1,989    3,095,698,832    3,095,696,359         1,361        1,112
  6          2,269    3,095,698,824    3,095,696,359         1,361        1,104
  7          2,587    3,095,698,824    3,095,696,359         1,361        1,104
  8          2,856    3,095,698,832    3,095,696,359         1,361        1,112
  9          3,136    3,095,698,824    3,095,696,359         1,361        1,104
 10          3,425    3,095,698,864    3,095,696,359         1,361        1,144
 11          3,701    3,095,698,856    3,095,696,359         1,361        1,136
 12          3,948    3,095,698,824    3,095,696,359         1,361        1,104
 13          4,196    3,095,698,832    3,095,696,359         1,361        1,112
 14          4,485    3,095,698,832    3,095,696,359         1,361        1,112
 15          4,765    3,095,698,824    3,095,696,359         1,361        1,104
 16          5,054    3,095,698,824    3,095,696,359         1,361        1,104
 17          5,208    3,095,698,832    3,095,696,359         1,361        1,112
 18          5,497    3,095,698,832    3,095,696,359         1,361        1,112
 19          5,786    3,095,698,832    3,095,696,359         1,361        1,112
 20          5,931    3,095,698,832    3,095,696,359         1,361        1,112
 21          6,211    3,095,698,824    3,095,696,359         1,361        1,104
 22          6,500    3,095,698,824    3,095,696,359         1,361        1,104
 23          6,798    3,095,698,832    3,095,696,359         1,361        1,112
 24          6,943    3,095,698,832    3,095,696,359         1,361        1,112
 25          7,223    3,095,698,824    3,095,696,359         1,361        1,104
 26          7,377    3,095,698,832    3,095,696,359         1,361        1,112
 27          7,666    3,095,698,832    3,095,696,359         1,361        1,112
 28          7,958    3,095,698,832    3,095,696,359         1,361        1,112
 29          8,235    3,095,698,824    3,095,696,359         1,361        1,104
 30          8,389    3,095,698,832    3,095,696,359         1,361        1,112
 31          8,678    3,095,698,832    3,095,696,359         1,361        1,112
 32          8,958    3,095,698,824    3,095,696,359         1,361        1,104
 33          9,292    3,095,698,824    3,095,696,359         1,361        1,104
 34          9,536    3,095,698,864    3,095,696,359         1,361        1,144
 35          9,843    3,095,698,824    3,095,696,359         1,361        1,104
 36         10,131    3,095,698,832    3,095,696,359         1,361        1,112
 37         10,276    3,095,698,832    3,095,696,359         1,361        1,112
 38         10,565    3,095,698,832    3,095,696,359         1,361        1,112
 39         10,764    3,095,698,824    3,095,696,359         1,361        1,104
 40         11,145    3,095,698,832    3,095,696,359         1,361        1,112
 41         11,425    3,095,698,824    3,095,696,359         1,361        1,104
 42         11,579    3,095,698,832    3,095,696,359         1,361        1,112
 43         11,868    3,095,698,832    3,095,696,359         1,361        1,112
 44         12,157    3,095,698,832    3,095,696,359         1,361        1,112
 45         12,437    3,095,698,824    3,095,696,359         1,361        1,104
 46         12,726    3,095,698,824    3,095,696,359         1,361        1,104
 47         12,880    3,095,698,832    3,095,696,359         1,361        1,112
 48         13,169    3,095,698,832    3,095,696,359         1,361        1,112
 49         13,461    3,095,698,832    3,095,696,359         1,361        1,112
 50         13,738    3,095,698,824    3,095,696,359         1,361        1,104
 51         13,892    3,095,698,832    3,095,696,359         1,361        1,112
 52         14,172    3,095,698,824    3,095,696,359         1,361        1,104
 53         14,326    3,095,698,832    3,095,696,359         1,361        1,112
 54         14,615    3,095,698,832    3,095,696,359         1,361        1,112
 55         14,904    3,095,698,832    3,095,696,359         1,361        1,112
 56         15,193    3,095,698,832    3,095,696,359         1,361        1,112
 57         15,338    3,095,698,832    3,095,696,359         1,361        1,112
 58         15,617    3,095,698,864    3,095,696,359         1,361        1,144
 59         15,798    3,095,698,856    3,095,696,359         1,361        1,136
 60         16,066    3,095,698,832    3,095,696,359         1,361        1,112
 61         16,214    3,095,698,832    3,095,696,359         1,361        1,112
 62         16,491    3,095,698,824    3,095,696,359         1,361        1,104
 63         16,645    3,095,698,832    3,095,696,359         1,361        1,112
 64         16,934    3,095,698,832    3,095,696,359         1,361        1,112
 65         17,223    3,095,698,832    3,095,696,359         1,361        1,112
 66         17,368    3,095,698,832    3,095,696,359         1,361        1,112
 67         17,657    3,095,698,832    3,095,696,359         1,361        1,112
 68         17,937    3,095,698,824    3,095,696,359         1,361        1,104
 69         18,091    3,095,698,832    3,095,696,359         1,361        1,112
 70         18,380    3,095,698,832    3,095,696,359         1,361        1,112
 71         18,669    3,095,698,832    3,095,696,359         1,361        1,112
 72         18,961    3,095,698,832    3,095,696,359         1,361        1,112
 73         19,247    3,095,698,832    3,095,696,359         1,361        1,112
 74         19,392    3,095,698,832    3,095,696,359         1,361        1,112
 75         19,672    3,095,698,824    3,095,696,359         1,361        1,104
 76         19,970    3,095,698,832    3,095,696,359         1,361        1,112
 77         20,262    3,095,698,824    3,095,696,359         1,361        1,104
 78         20,416    3,095,698,832    3,095,696,359         1,361        1,112
 79         20,705    3,095,698,832    3,095,696,359         1,361        1,112
 80         20,990    3,095,698,824    3,095,696,359         1,361        1,104
 81         21,300    3,095,698,824    3,095,696,359         1,361        1,104
 82         21,617    3,095,698,832    3,095,696,359         1,361        1,112
 83         21,897    3,095,698,824    3,095,696,359         1,361        1,104
 84         22,051    3,095,698,832    3,095,696,359         1,361        1,112
 85         22,340    3,095,698,832    3,095,696,359         1,361        1,112
 86         22,629    3,095,698,832    3,095,696,359         1,361        1,112
 87         22,909    3,095,698,824    3,095,696,359         1,361        1,104
 88         23,207    3,095,698,832    3,095,696,359         1,361        1,112
 89         23,496    3,095,698,832    3,095,696,359         1,361        1,112
 90         23,785    3,095,698,832    3,095,696,359         1,361        1,112
 91         23,930    3,095,698,832    3,095,696,359         1,361        1,112
 92         24,219    3,095,698,832    3,095,696,359         1,361        1,112
 93         24,508    3,095,698,832    3,095,696,359         1,361        1,112
 94         24,653    3,095,698,832    3,095,696,359         1,361        1,112
 95         24,942    3,095,698,832    3,095,696,359         1,361        1,112
 96         25,231    3,095,698,832    3,095,696,359         1,361        1,112
 97         25,376    3,095,698,832    3,095,696,359         1,361        1,112
 98         25,656    3,095,698,824    3,095,696,359         1,361        1,104
 99         25,954    3,095,698,832    3,095,696,359         1,361        1,112
100         26,243    3,095,698,832    3,095,696,359         1,361        1,112
101         26,532    3,095,698,832    3,095,696,359         1,361        1,112
102         26,677    3,095,698,832    3,095,696,359         1,361        1,112
103         26,957    3,095,698,824    3,095,696,359         1,361        1,104
104         27,255    3,095,698,832    3,095,696,359         1,361        1,112
105         27,535    3,095,698,824    3,095,696,359         1,361        1,104
106         27,924    3,095,698,856    3,095,696,359         1,361        1,136
107         28,081    3,095,699,080    3,095,696,359         1,361        1,360
108         28,530    4,643,548,752    4,643,543,351         4,041        1,360
109         28,670    4,643,548,792    4,643,543,351         4,041        1,400
110         28,950    4,643,548,784    4,643,543,351         4,041        1,392
111         29,104    4,643,548,792    4,643,543,351         4,041        1,400
112         29,393    4,643,548,792    4,643,543,351         4,041        1,400
113         29,673    4,643,548,784    4,643,543,351         4,041        1,392
114         30,012    4,643,548,792    4,643,543,351         4,041        1,400
115         30,193    4,643,548,784    4,643,543,351         4,041        1,392
116         30,557    4,643,548,792    4,643,543,351         4,041        1,400
117         30,843    4,643,548,792    4,643,543,351         4,041        1,400
118         31,123    4,643,548,824    4,643,543,351         4,041        1,432
119         31,358    4,643,548,816    4,643,543,351         4,041        1,424
120         31,575    4,643,548,792    4,643,543,351         4,041        1,400
121         31,867    4,643,548,792    4,643,543,351         4,041        1,400
122         32,154    4,643,548,792    4,643,543,351         4,041        1,400
123         32,443    4,643,548,792    4,643,543,351         4,041        1,400
124         32,732    4,643,548,792    4,643,543,351         4,041        1,400
125         33,021    4,643,548,792    4,643,543,351         4,041        1,400
126         33,313    4,643,548,792    4,643,543,351         4,041        1,400
127         33,599    4,643,548,792    4,643,543,351         4,041        1,400
128         33,888    4,643,548,792    4,643,543,351         4,041        1,400
129         34,033    4,643,548,792    4,643,543,351         4,041        1,400
130         34,313    4,643,548,784    4,643,543,351         4,041        1,392
131         34,602    4,643,548,784    4,643,543,351         4,041        1,392
132         34,756    4,643,548,792    4,643,543,351         4,041        1,400
133         35,036    4,643,548,784    4,643,543,351         4,041        1,392
134         35,190    4,643,548,792    4,643,543,351         4,041        1,400
135         35,479    4,643,548,792    4,643,543,351         4,041        1,400
136         35,759    4,643,548,784    4,643,543,351         4,041        1,392
137         36,048    4,643,548,784    4,643,543,351         4,041        1,392
138         36,337    4,643,548,784    4,643,543,351         4,041        1,392
139         36,491    4,643,548,792    4,643,543,351         4,041        1,400
140         36,780    4,643,548,792    4,643,543,351         4,041        1,400
141         37,060    4,643,548,784    4,643,543,351         4,041        1,392
142         37,204    4,643,548,824    4,643,543,351         4,041        1,432
143         37,466    4,643,548,816    4,643,543,351         4,041        1,424
144         37,657    4,643,548,792    4,643,543,351         4,041        1,400
145         37,947    4,643,548,792    4,643,543,351         4,041        1,400
146         38,236    4,643,548,792    4,643,543,351         4,041        1,400
147         38,525    4,643,548,792    4,643,543,351         4,041        1,400
148         38,814    4,643,548,792    4,643,543,351         4,041        1,400
149         39,094    4,643,548,784    4,643,543,351         4,041        1,392
150         39,395    4,643,548,784    4,643,543,351         4,041        1,392
151         39,678    4,643,548,784    4,643,543,351         4,041        1,392
152         39,967    4,643,548,784    4,643,543,351         4,041        1,392
153         40,266    4,643,548,792    4,643,543,351         4,041        1,400
154         40,546    4,643,548,784    4,643,543,351         4,041        1,392
155         40,700    4,643,548,792    4,643,543,351         4,041        1,400
156         40,989    4,643,548,792    4,643,543,351         4,041        1,400
157         41,278    4,643,548,792    4,643,543,351         4,041        1,400
158         41,425    4,643,548,792    4,643,543,351         4,041        1,400
159         41,712    4,643,548,792    4,643,543,351         4,041        1,400
160         41,989    4,643,572,176    4,643,551,387         5,085       15,704
161         42,394    5,417,484,320    5,417,474,883         8,445          992
100.00% (5,417,474,883B) (heap allocation functions) malloc/new/new[], --alloc-fns, etc.
->100.00% (5,417,472,616B) 0x44151A: wrap_calloc (malloc_wrap.c:13)
| ->57.14% (3,095,694,032B) 0x42597B: bwt_restore_bwt (bwt.c:452)
| | ->57.14% (3,095,694,032B) 0x428FB1: bwa_idx_load_bwt (bwa.c:245)
| |   ->57.14% (3,095,694,032B) 0x42918E: bwa_idx_load_from_disk (bwa.c:262)
| |     ->57.14% (3,095,694,032B) 0x41C960: main_mem (fastmap.c:324)
| |       ->57.14% (3,095,694,032B) 0x402F48: main (main.c:85)
| |         
| ->28.57% (1,547,846,992B) 0x425881: bwt_restore_sa (bwt.c:436)
| | ->28.57% (1,547,846,992B) 0x428FDA: bwa_idx_load_bwt (bwa.c:247)
| |   ->28.57% (1,547,846,992B) 0x42918E: bwa_idx_load_from_disk (bwa.c:262)
| |     ->28.57% (1,547,846,992B) 0x41C960: main_mem (fastmap.c:324)
| |       ->28.57% (1,547,846,992B) 0x402F48: main (main.c:85)
| |         
| ->14.29% (773,923,496B) 0x429135: bwa_idx_load_from_disk (bwa.c:271)
| | ->14.29% (773,923,496B) 0x41C960: main_mem (fastmap.c:324)
| |   ->14.29% (773,923,496B) 0x402F48: main (main.c:85)
| |     
| ->00.00% (8,096B) in 1+ places, all below ms_print's threshold (01.00%)
| 
->00.00% (2,267B) in 1+ places, all below ms_print's threshold (01.00%)

--------------------------------------------------------------------------------
  n       time(ms)         total(B)   useful-heap(B) extra-heap(B)    stacks(B)
--------------------------------------------------------------------------------
162         42,397    5,417,484,312    5,417,474,883         8,445          984
163         49,128    5,417,484,304    5,417,474,883         8,445          976
164         49,412    5,417,960,168    5,417,938,600        19,520        2,048
165         49,695    5,418,456,760    5,418,420,306        32,478        3,976
166         49,837    5,418,459,864    5,418,423,378        32,510        3,976
167         50,119    5,418,462,920    5,418,426,450        32,510        3,960
168         50,402    5,418,467,032    5,418,430,546        32,510        3,976
169         50,685    5,418,467,496    5,418,431,058        32,510        3,928
170         50,828    5,418,475,720    5,418,439,250        32,510        3,960
171         51,113    5,418,475,704    5,418,439,250        32,510        3,944
172         51,395    5,418,475,544    5,418,439,250        32,510        3,784
173         51,538    5,418,475,728    5,418,439,730        32,550        3,448
174         51,823    5,418,492,832    5,418,455,854        33,562        3,416
175         52,104    5,418,504,208    5,418,466,546        34,238        3,424
176         52,387    5,418,516,656    5,418,478,274        34,982        3,400
177         52,670    5,418,533,968    5,418,494,622        35,946        3,400
178         52,812    5,418,542,880    5,418,503,054        36,402        3,424
179         53,094    5,418,559,904    5,418,519,118        37,354        3,432
180         53,380    5,418,577,376    5,418,535,626        38,318        3,432
181         53,665    5,418,591,072    5,418,548,518        39,154        3,400
182         53,947    5,418,607,888    5,418,564,354        40,142        3,392
183         54,231    5,418,623,744    5,418,579,282        41,086        3,376
184         54,514    5,418,636,880    5,418,591,642        41,846        3,392
185         54,800    5,418,648,384    5,418,602,430        42,530        3,424
186         55,084    5,418,662,048    5,418,615,354        43,254        3,440
187         55,366    5,418,672,544    5,418,625,198        43,946        3,400
188         55,652    5,418,683,184    5,418,635,162        44,598        3,424
189         55,925    5,418,524,384    5,418,488,206        32,554        3,624
190         56,207    5,418,476,096    5,418,439,602        32,518        3,976
191         56,491    5,418,475,920    5,418,439,602        32,518        3,800
192         56,634    5,418,476,048    5,418,439,602        32,518        3,928
193         56,917    5,418,475,904    5,418,439,602        32,518        3,784
194         57,202    5,418,476,096    5,418,439,602        32,518        3,976
195         57,483    5,418,475,872    5,418,439,602        32,518        3,752
196         57,767    5,418,475,920    5,418,439,602        32,518        3,800
197         58,053    5,418,475,744    5,418,439,602        32,518        3,624
198         58,196    5,418,492,304    5,418,455,986        32,518        3,800
199         58,477    5,418,504,664    5,418,468,062        33,266        3,336
200         58,760    5,418,519,080    5,418,481,554        34,102        3,424
201         58,903    5,418,524,248    5,418,486,390        34,450        3,408
202         59,188    5,418,539,992    5,418,501,206        35,378        3,408
203         59,474    5,418,550,088    5,418,510,630        36,010        3,448
204         59,617    5,418,556,872    5,418,517,038        36,434        3,400
205         59,901    5,418,568,136    5,418,527,574        37,122        3,440
206         60,185    5,418,581,448    5,418,540,214        37,842        3,392
207         60,328    5,418,588,984    5,418,547,294        38,242        3,448
208         60,610    5,418,600,408    5,418,558,022        38,946        3,440
209         60,894    5,418,614,344    5,418,571,150        39,770        3,424
210         61,178    5,418,624,600    5,418,580,782        40,426        3,392
211         61,460    5,418,639,384    5,418,594,714        41,262        3,408
212         61,742    5,418,651,352    5,418,605,962        41,958        3,432
213         62,026    5,418,666,376    5,418,620,094        42,834        3,448
214         62,169    5,418,492,640    5,418,456,162        32,526        3,952
215         62,452    5,418,492,480    5,418,456,162        32,526        3,792
216         62,737    5,418,492,528    5,418,456,162        32,526        3,840
217         62,881    5,418,492,464    5,418,456,162        32,526        3,776
218         63,168    5,418,503,400    5,418,466,818        33,174        3,408
219         63,452    5,418,518,696    5,418,481,134        34,122        3,440
220         63,737    5,418,533,608    5,418,495,202        35,006        3,400
221         63,881    5,418,544,168    5,418,505,110        35,610        3,448
222         64,168    5,418,560,264    5,418,520,246        36,578        3,440
223         64,312    5,418,567,832    5,418,527,386        37,038        3,408
224         64,598    5,418,584,984    5,418,543,630        38,010        3,344
225         64,884    5,418,492,968    5,418,456,514        32,534        3,920
226         65,171    5,418,492,968    5,418,456,514        32,534        3,920
227         65,315    5,418,492,808    5,418,456,514        32,534        3,760
228         65,601    5,418,492,792    5,418,456,514        32,534        3,744
229         65,889    5,418,492,952    5,418,456,514        32,534        3,904
230         66,177    5,418,492,696    5,418,456,514        32,534        3,648
231         66,464    5,418,506,336    5,418,469,550        33,362        3,424
232         66,749    5,418,523,952    5,418,486,150        34,402        3,400
233         67,037    5,418,541,104    5,418,502,234        35,454        3,416
234         67,321    5,418,557,680    5,418,517,874        36,414        3,392
235         67,607    5,418,575,376    5,418,534,482        37,478        3,416
236         67,751    5,418,586,096    5,418,544,578        38,086        3,432
237         68,035    5,418,604,240    5,418,561,718        39,146        3,376
238         68,319    5,418,619,632    5,418,576,070        40,122        3,440
239         68,606    5,418,634,400    5,418,590,046        40,930        3,424
240         68,750    5,418,563,032    5,418,524,566        35,290        3,176
241         69,034    5,418,493,048    5,418,456,690        32,542        3,816
242         69,319    5,418,500,000    5,418,463,562        32,998        3,440
243         69,606    5,418,517,408    5,418,479,954        34,014        3,440
244         69,750    5,418,524,112    5,418,486,250        34,422        3,440
245         70,037    5,418,538,352    5,418,499,682        35,278        3,392
246         70,181    5,418,546,464    5,418,507,286        35,770        3,408
247         70,466    5,418,561,008    5,418,520,970        36,622        3,416
248         70,751    5,418,576,352    5,418,535,406        37,530        3,416
249         70,894    5,418,493,216    5,418,456,866        32,550        3,800
250         71,178    5,418,493,200    5,418,456,866        32,550        3,784
251         71,322    5,418,493,216    5,418,456,866        32,550        3,800
252         71,608    5,418,505,656    5,418,468,942        33,314        3,400
253         71,896    5,418,519,432    5,418,481,838        34,162        3,432
254         72,181    5,418,538,104    5,418,499,438        35,242        3,424
255         72,325    5,418,544,968    5,418,505,866        35,686        3,416
256         72,612    5,418,560,712    5,418,520,686        36,626        3,400
257         72,902    5,418,580,104    5,418,538,978        37,702        3,424
258         73,195    5,418,568,272    5,418,528,598        36,522        3,152
259         73,487    5,418,493,560    5,418,457,042        32,558        3,960
260         73,779    5,418,493,368    5,418,457,042        32,558        3,768
261         74,076    5,418,493,560    5,418,457,042        32,558        3,960
262         74,380    5,418,493,592    5,418,457,042        32,558        3,992
263         74,684    5,418,493,560    5,418,457,042        32,558        3,960
264         74,990    5,418,495,392    5,418,459,290        32,702        3,400
265         75,292    5,418,510,464    5,418,473,454        33,594        3,416
266         75,445    5,418,518,784    5,418,481,266        34,110        3,408
267         75,747    5,418,538,432    5,418,499,786        35,230        3,416
268         76,049    5,418,555,952    5,418,516,234        36,294        3,424
269         76,353    5,418,572,432    5,418,531,730        37,302        3,400
270         76,656    5,418,590,640    5,418,548,810        38,382        3,448
271         76,959    5,418,611,264    5,418,568,330        39,542        3,392
272         77,262    5,418,628,800    5,418,584,782        40,618        3,400
273         77,414    5,418,639,888    5,418,595,182        41,258        3,448
274         77,716    5,418,493,368    5,418,457,042        32,558        3,768
275         78,019    5,418,493,352    5,418,457,042        32,558        3,752
276         78,321    5,418,493,544    5,418,457,042        32,558        3,944
277         78,624    5,418,493,528    5,418,457,042        32,558        3,928
278         78,939    5,418,493,592    5,418,457,042        32,558        3,992
279         79,276    5,418,495,120    5,418,459,002        32,678        3,440
280         79,640    5,418,521,920    5,418,484,242        34,278        3,400
281         80,019    5,418,554,096    5,418,514,602        36,078        3,416
282         80,233    5,418,573,024    5,418,532,494        37,114        3,416
283         80,449    5,418,589,440    5,418,548,002        38,038        3,400
284         80,671    5,418,602,960    5,418,560,686        38,850        3,424
285         80,988    5,418,532,792    5,418,496,473        32,647        3,672
286         81,246    5,418,532,400    5,418,496,012        32,716        3,672
287         81,485    5,418,496,592    5,418,460,034        32,606        3,952
288         81,687    5,418,508,552    5,418,471,810        33,350        3,392
289         82,021    5,418,520,656    5,418,484,255        32,729        3,672
290         82,406    5,418,528,184    5,418,491,745        32,767        3,672
291         82,760    5,418,500,008    5,418,463,378        32,694        3,936
292         83,023    5,418,584,296    5,418,543,182        37,690        3,424
293         83,409    5,418,565,736    5,418,529,165        32,899        3,672
294         83,601    5,418,656,432    5,418,611,202        41,830        3,400
295         83,989    5,418,505,720    5,418,469,010        32,758        3,952
296         84,288    5,418,561,152    5,418,524,564        32,916        3,672
297         84,491    5,418,510,040    5,418,473,690        32,958        3,392
298         84,713    5,418,509,424    5,418,472,706        32,798        3,920
299         84,905    5,418,509,632    5,418,472,882        32,806        3,944
300         85,139    5,418,550,544    5,418,513,960        32,912        3,672
301         85,356    5,418,548,080    5,418,511,465        32,943        3,672
302         85,678    5,418,513,208    5,418,476,578        32,854        3,776
303         85,966    5,418,514,496    5,418,477,634        32,894        3,968
304         86,224    5,418,586,504    5,418,545,930        37,174        3,400
305         86,498    5,418,544,352    5,418,507,666        33,014        3,672
306         86,673    5,418,516,264    5,418,479,570        32,934        3,760
307         86,974    5,418,566,128    5,418,529,405        33,051        3,672
308         87,342    5,418,563,408    5,418,526,581        33,155        3,672
309         87,605    5,418,525,016    5,418,488,302        33,290        3,424
310         87,827    5,418,522,376    5,418,485,730        32,998        3,648
311         88,150    5,418,629,912    5,418,587,226        39,262        3,424
312         88,342    5,418,526,224    5,418,489,426        33,038        3,760
313         88,674    5,418,588,816    5,418,548,678        36,714        3,424
314         89,074    5,418,528,400    5,418,491,538        33,094        3,768
315         89,434    5,418,604,928    5,418,563,746        37,734        3,448
316         89,799    5,418,584,360    5,418,547,439        33,249        3,672
317         90,151    5,418,605,536    5,418,568,617        33,247        3,672
318         90,396    5,418,563,080    5,418,526,191        33,217        3,672
319         90,757    5,418,537,936    5,418,501,026        33,470        3,440
320         91,082    5,418,589,088    5,418,552,097        33,319        3,672
321         91,274    5,418,703,392    5,418,656,686        43,234        3,472
322         91,656    5,418,568,904    5,418,531,900        33,332        3,672
323         92,040    5,418,536,672    5,418,499,458        33,270        3,944
324         92,260    5,418,581,720    5,418,542,342        35,954        3,424
325         92,452    5,418,538,320    5,418,501,394        33,310        3,616
326         92,684    5,418,591,544    5,418,554,332        33,540        3,672
327         92,876    5,418,749,704    5,418,700,702        45,570        3,432
328         93,175    5,418,541,120    5,418,504,034        33,342        3,744
329         93,367    5,418,612,280    5,418,571,154        37,654        3,472
330         93,620    5,418,594,040    5,418,556,938        33,430        3,672
331         93,956    5,418,775,256    5,418,724,798        47,058        3,400
332         94,340    5,418,595,160    5,418,555,258        36,486        3,416
333         94,657    5,418,598,832    5,418,561,637        33,523        3,672
334         95,041    5,418,733,560    5,418,685,778        44,366        3,416
335         95,266    5,418,596,160    5,418,558,943        33,545        3,672
336         95,542    5,418,549,008    5,418,511,778        33,430        3,800
337         95,765    5,418,618,968    5,418,581,766        33,530        3,672
338         96,003    5,418,625,128    5,418,587,803        33,653        3,672
339         96,362    5,418,551,680    5,418,514,418        33,462        3,800
340         96,554    5,418,567,072    5,418,529,218        34,430        3,424
341         96,774    5,418,589,144    5,418,549,954        35,750        3,440
342         96,994    5,418,581,952    5,418,544,676        33,604        3,672
343         97,355    5,418,630,504    5,418,593,172        33,660        3,672
344         97,547    5,418,720,656    5,418,674,090        43,158        3,408
345         97,915    5,418,589,496    5,418,552,226        33,598        3,672
346         98,292    5,418,575,696    5,418,537,702        34,554        3,440
347         98,555    5,418,600,280    5,418,562,932        33,676        3,672
348         98,860    5,418,563,064    5,418,525,506        33,614        3,944
349         99,045    5,418,624,776    5,418,587,394        33,710        3,672
350         99,361    5,418,607,144    5,418,569,745        33,727        3,672
351         99,627    5,418,619,336    5,418,578,994        36,942        3,400
352         99,952    5,418,622,936    5,418,585,484        33,780        3,672
353        100,205    5,418,582,968    5,418,544,786        34,782        3,400
354        100,581    5,418,655,552    5,418,613,098        39,054        3,400
355        100,920    5,418,629,456    5,418,591,989        33,795        3,672
356        101,112    5,418,783,680    5,418,733,998        46,250        3,432
357        101,413    5,418,600,288    5,418,562,792        33,824        3,672
358        101,696    5,418,604,928    5,418,565,722        35,790        3,416
359        101,883    5,418,607,872    5,418,570,378        33,822        3,672
360        102,121    5,418,625,256    5,418,587,678        33,906        3,672
361        102,338    5,418,642,240    5,418,604,664        33,904        3,672
362        102,603    5,418,610,056    5,418,570,850        35,782        3,424
363        102,834    5,418,656,056    5,418,614,266        38,358        3,432
364        103,059    5,418,619,224    5,418,581,617        33,935        3,672
365        103,284    5,418,584,112    5,418,546,450        33,862        3,800
366        103,549    5,418,619,016    5,418,581,310        34,034        3,672
367        103,920    5,418,658,752    5,418,617,138        38,206        3,408
368        104,140    5,418,642,752    5,418,605,081        33,999        3,672
369        104,347    5,418,600,976    5,418,562,882        34,694        3,400
370        104,592    5,418,640,504    5,418,602,749        34,083        3,672
371        104,929    5,418,611,640    5,418,573,050        35,198        3,392
372        105,243    5,418,595,032    5,418,557,298        33,990        3,744
373        105,623    5,418,826,000    5,418,775,022        47,578        3,400
374        105,855    5,418,596,304    5,418,558,530        34,014        3,760
375        106,239    5,418,797,872    5,418,748,622        45,810        3,440
376        106,623    5,418,599,160    5,418,561,170        34,062        3,928
377        106,903    5,418,631,128    5,418,593,275        34,181        3,672
378        107,224    5,418,617,720    5,418,579,174        35,114        3,432
379        107,536    5,418,665,168    5,418,623,854        37,898        3,416
380        107,935    5,418,689,360    5,418,651,469        34,219        3,672
381        108,319    5,418,669,368    5,418,627,878        38,098        3,392
382        108,703    5,418,642,152    5,418,604,192        34,288        3,672
383        109,047    5,418,636,472    5,418,598,552        34,248        3,672
384        109,443    5,418,608,744    5,418,570,850        34,230        3,664
385        109,816    5,418,672,728    5,418,631,290        38,030        3,408
386        110,008    5,418,611,360    5,418,573,314        34,286        3,760
387        110,374    5,418,678,336    5,418,636,526        38,378        3,432
388        110,765    5,418,680,856    5,418,642,758        34,426        3,672
389        110,957    5,418,667,800    5,418,629,262        35,386        3,152
390        111,174    5,418,644,072    5,418,605,962        34,438        3,672
391        111,558    5,418,665,152    5,418,624,238        37,498        3,416
392        111,876    5,418,615,976    5,418,577,714        34,414        3,848
393        112,267    5,418,617,360    5,418,579,122        34,462        3,776
394        112,664    5,418,624,480    5,418,586,190        34,866        3,424
395        113,019    5,418,627,272    5,418,588,890        34,958        3,424
396        113,384    5,418,624,728    5,418,586,586        34,782        3,360
397        113,768    5,418,629,792    5,418,591,354        34,998        3,440
398        114,074    5,418,674,216    5,418,635,815        34,729        3,672
399        114,266    5,418,683,208    5,418,641,634        38,126        3,448
400        114,647    5,418,660,112    5,418,621,605        34,835        3,672
401        114,890    5,418,659,336    5,418,619,502        36,394        3,440
402        115,266    5,418,656,936    5,418,618,569        34,695        3,672
403        115,487    5,418,703,248    5,418,664,802        34,774        3,672
404        115,674    5,418,633,016    5,418,594,610        34,662        3,744
405        115,915    5,418,634,488    5,418,596,018        34,678        3,792
406        116,107    5,418,639,376    5,418,600,998        35,010        3,368
407        116,406    5,418,637,640    5,418,599,186        34,710        3,744
408        116,790    5,418,721,392    5,418,678,254        39,730        3,408
409        117,062    5,418,683,336    5,418,644,762        34,902        3,672
410        117,446    5,418,732,504    5,418,688,690        40,382        3,432
411        117,638    5,418,747,368    5,418,702,686        41,242        3,440
412        117,908    5,418,901,104    5,418,847,014        50,658        3,432
413        118,209    5,418,674,208    5,418,635,605        34,931        3,672
414        118,593    5,418,677,488    5,418,638,927        34,889        3,672
415        118,981    5,418,676,456    5,418,637,824        34,960        3,672
416        119,204    5,418,689,616    5,418,651,006        34,938        3,672
417        119,418    5,418,654,136    5,418,615,154        35,550        3,432
418        119,802    5,418,646,248    5,418,607,458        34,926        3,864
419        119,994    5,418,646,664    5,418,607,810        34,942        3,912
420        120,247    5,418,668,736    5,418,630,028        35,036        3,672
421        120,636    5,418,699,824    5,418,661,034        35,118        3,672
422        120,925    5,418,677,320    5,418,637,286        36,626        3,408
423        121,231    5,418,704,120    5,418,665,324        35,124        3,672
424        121,473    5,418,661,856    5,418,622,754        35,654        3,448
425        121,847    5,418,687,944    5,418,649,164        35,108        3,672
426        122,231    5,418,676,728    5,418,636,858        36,462        3,408
427        122,435    5,418,718,536    5,418,676,166        38,962        3,408
428        122,819    5,418,805,288    5,418,757,942        43,914        3,432
429        123,133    5,418,735,792    5,418,692,466        39,958        3,368
430        123,325    5,418,832,024    5,418,783,102        45,474        3,448
431        123,636    5,418,659,616    5,418,620,482        35,182        3,952
432        123,939    5,418,763,280    5,418,718,438        41,434        3,408
433        124,149    5,418,697,208    5,418,658,241        35,295        3,672
434        124,505    5,418,714,824    5,418,675,797        35,355        3,672
435        124,748    5,418,685,376    5,418,645,462        36,522        3,392
436        125,063    5,418,667,416    5,418,628,226        35,278        3,912
437        125,334    5,418,708,240    5,418,669,187        35,381        3,672
438        125,653    5,418,708,832    5,418,669,747        35,413        3,672
439        126,037    5,418,745,856    5,418,700,243        39,861        5,752
440        126,421    5,418,672,696    5,418,631,239        35,393        6,064
441        126,613    5,418,673,632    5,418,631,943        35,401        6,288
442        126,958    5,418,729,296    5,418,684,767        38,809        5,720
443        127,301    5,418,705,880    5,418,664,393        35,503        5,984
444        127,493    5,418,676,264    5,418,634,583        35,441        6,240
445        127,894    5,418,715,840    5,418,674,282        35,574        5,984
446        128,226    5,418,720,864    5,418,679,250        35,630        5,984
447        128,465    5,418,679,672    5,418,637,927        35,505        6,240
448        128,680    5,418,760,600    5,418,718,982        35,634        5,984
449        129,064    5,418,694,936    5,418,652,639        36,513        5,784
450        129,448    5,418,681,496    5,418,639,863        35,561        6,072
451        129,640    5,418,931,800    5,418,875,707        50,349        5,744
452        129,968    5,418,822,088    5,418,772,359        44,001        5,728
453        130,219    5,418,733,112    5,418,691,410        35,718        5,984
454        130,408    5,418,728,328    5,418,686,663        35,681        5,984
455        130,689    5,418,687,584    5,418,645,671        35,641        6,272
456        131,093    5,418,888,824    5,418,835,543        47,553        5,728
457        131,332    5,418,720,768    5,418,678,979        35,805        5,984
458        131,589    5,418,727,584    5,418,685,750        35,850        5,984
459        131,973    5,418,964,440    5,418,907,107        51,605        5,728
460        132,328    5,418,746,328    5,418,704,439        35,905        5,984
461        132,520    5,418,883,872    5,418,831,171        46,957        5,744
462        132,808    5,418,805,224    5,418,758,234        42,518        4,472
463        133,183    5,418,725,760    5,418,683,842        37,414        4,504
464        133,587    5,418,700,232    5,418,660,666        35,894        3,672
465        133,971    5,418,813,560    5,418,767,410        42,774        3,376
466        134,179    5,418,758,024    5,418,718,438        36,010        3,576
467        134,497    5,418,857,952    5,418,809,238        45,418        3,296
468        134,693    5,418,791,712    5,418,748,310        40,338        3,064
469        135,073    5,418,953,808    5,418,899,866        50,646        3,296
470        135,265    5,419,233,280    5,419,166,718        63,314        3,248
471        135,488    5,418,751,720    5,418,712,091        36,053        3,576
472        135,783    5,418,705,472    5,418,665,770        35,998        3,704
473        136,005    5,418,965,928    5,418,911,142        51,442        3,344
474        136,389    5,418,836,360    5,418,789,062        43,946        3,352
475        136,712    5,418,742,104    5,418,702,434        36,094        3,576
476        137,002    5,418,749,896    5,418,710,122        36,198        3,576
477        137,194    5,418,718,864    5,418,678,678        36,850        3,336
478        137,509    5,418,732,600    5,418,691,618        37,670        3,312
479        137,809    5,418,866,848    5,418,818,194        45,326        3,328
480        138,167    5,418,737,728    5,418,697,973        36,179        3,576
481        138,480    5,418,737,784    5,418,698,047        36,161        3,576
482        138,672    5,418,722,808    5,418,682,506        36,982        3,320
483        139,014    5,418,940,432    5,418,887,418        49,670        3,344
484        139,217    5,418,805,776    5,418,765,458        36,742        3,576
485        139,555    5,418,756,672    5,418,716,823        36,273        3,576
486        139,939    5,418,725,872    5,418,686,010        36,190        3,672
487        140,168    5,418,751,296    5,418,711,454        36,266        3,576
488        140,532    5,418,729,832    5,418,690,082        36,430        3,320
489        140,876    5,418,766,928    5,418,727,047        36,305        3,576
490        141,260    5,418,925,184    5,418,873,874        47,966        3,344
491        141,452    5,418,816,832    5,418,771,862        41,674        3,296
492        141,723    5,418,769,680    5,418,729,682        36,422        3,576
493        142,038    5,418,883,944    5,418,835,042        45,574        3,328
494        142,354    5,418,774,160    5,418,731,774        39,058        3,328
495        142,559    5,418,807,464    5,418,763,198        40,970        3,296
496        142,896    5,418,757,552    5,418,717,808        36,392        3,352
497        143,088    5,418,798,080    5,418,754,470        40,258        3,352
498        143,371    5,419,043,080    5,419,002,733        36,387        3,960
499        143,659    5,419,626,376    5,419,586,611        36,333        3,432
500        143,662    5,419,626,384    5,419,586,611        36,333        3,440
501        143,665    5,419,642,560    5,419,602,059        36,541        3,960
502        143,668    5,419,670,008    5,419,629,659        36,389        3,960
503        143,677    5,419,923,064    5,419,882,700        36,404        3,960
504        143,683    5,419,869,608    5,419,829,248        36,400        3,960
505        143,686    5,419,714,280    5,419,673,902        36,418        3,960
506        143,689    5,419,721,832    5,419,681,465        36,407        3,960
507        143,692    5,419,700,016    5,419,659,863        36,561        3,592
508        143,695    5,419,732,640    5,419,692,226        36,454        3,960
509        143,700    5,419,870,056    5,419,829,715        36,381        3,960
510        143,703    5,419,729,656    5,419,690,214        36,322        3,120
511        143,706    5,419,745,256    5,419,704,633        36,655        3,968
512        143,714    5,419,969,576    5,419,929,214        36,402        3,960
513        143,717    5,419,760,488    5,419,720,562        36,430        3,496
514        143,720    5,419,776,752    5,419,736,604        36,516        3,632
515        143,729    5,419,987,704    5,419,947,362        36,382        3,960
516        143,732    5,419,807,192    5,419,766,839        36,393        3,960
517        143,735    5,419,797,464    5,419,757,516        36,356        3,592
518        143,738    5,419,922,168    5,419,881,842        36,366        3,960
519        143,741    5,419,881,024    5,419,840,472        36,592        3,960
520        143,744    5,419,821,936    5,419,781,521        36,455        3,960
521        143,747    5,419,843,296    5,419,802,942        36,394        3,960
522        143,750    5,419,832,768    5,419,792,452        36,708        3,608
523        143,754    5,419,985,920    5,419,945,582        36,378        3,960
524        143,757    5,419,843,024    5,419,803,862        36,298        2,864
525        143,760    5,419,856,616    5,419,816,588        36,444        3,584
526        143,763    5,419,866,744    5,419,826,277        36,507        3,960
527        143,766    5,419,877,656    5,419,837,558        36,322        3,776
528        143,776    5,420,155,864    5,420,115,533        36,371        3,960
529        143,784    5,420,141,864    5,420,101,512        36,392        3,960
530        143,791    5,420,134,424    5,420,093,758        36,418        4,248
531        143,798    5,420,117,368    5,420,077,018        36,390        3,960
532        143,803    5,420,036,040    5,419,995,662        36,418        3,960
533        143,808    5,420,060,376    5,420,020,046        36,370        3,960
534        143,815    5,420,137,160    5,420,096,812        36,388        3,960
535        143,820    5,420,082,952    5,420,042,618        36,374        3,960
536        143,823    5,419,967,176    5,419,927,481        36,463        3,232
537        143,826    5,419,974,736    5,419,934,907        36,365        3,464
538        143,829    5,419,998,656    5,419,958,587        36,341        3,728
539        143,832    5,420,107,544    5,420,067,217        36,367        3,960
540        143,835    5,420,013,704    5,419,973,742        36,354        3,608
541        143,838    5,420,025,680    5,419,985,735        36,513        3,432
542        143,841    5,420,151,152    5,420,110,822        36,370        3,960
543        143,847    5,420,229,000    5,420,188,351        36,401        4,248
544        143,852    5,420,228,840    5,420,188,486        36,394        3,960
545        143,855    5,420,047,816    5,420,007,704        36,392        3,720
546        143,858    5,420,059,816    5,420,019,729        36,367        3,720
547        143,861    5,420,075,584    5,420,035,801        36,359        3,424
548        143,864    5,420,101,880    5,420,061,974        36,314        3,592
549        143,867    5,420,103,336    5,420,063,227        36,381        3,728
550        143,870    5,420,214,000    5,420,173,649        36,391        3,960
551        143,874    5,420,240,896    5,420,200,563        36,373        3,960
552        143,877    5,420,173,896    5,420,133,548        36,388        3,960
553        143,885    5,420,380,368    5,420,340,036        36,372        3,960
554        143,888    5,420,157,032    5,420,116,927        36,337        3,768
555        143,891    5,420,218,944    5,420,178,629        36,355        3,960
556        143,894    5,420,216,184    5,420,175,833        36,391        3,960
557        143,897    5,420,249,232    5,420,208,847        36,425        3,960
558        143,900    5,420,240,240    5,420,199,838        36,442        3,960
559        143,903    5,420,274,920    5,420,234,554        36,382        3,984
560        143,906    5,420,238,192    5,420,197,929        36,423        3,840
561        143,909    5,420,255,424    5,420,216,166        36,290        2,968
562        143,912    5,420,280,256    5,420,239,575        36,433        4,248
563        143,915    5,420,301,176    5,420,260,796        36,420        3,960
564        143,918    5,420,301,928    5,420,261,291        36,445        4,192
565        143,921    5,420,297,656    5,420,257,835        36,317        3,504
566        143,925    5,420,392,104    5,420,351,801        36,343        3,960
567        143,928    5,420,426,136    5,420,385,843        36,333        3,960
568        143,931    5,420,352,328    5,420,311,991        36,377        3,960
569        143,939    5,420,567,480    5,420,527,174        36,346        3,960
570        143,942    5,420,422,904    5,420,382,293        36,363        4,248
571        143,945    5,420,413,824    5,420,373,426        36,438        3,960
572        143,948    5,420,374,856    5,420,334,592        36,552        3,712
573        143,951    5,420,380,864    5,420,341,382        36,290        3,192
574        143,954    5,420,385,144    5,420,344,930        36,470        3,744
575        143,957    5,420,432,168    5,420,391,776        36,368        4,024
576        143,960    5,420,442,280    5,420,401,949        36,371        3,960
577        143,966    5,420,621,224    5,420,580,928        36,336        3,960
578        143,969    5,420,431,344    5,420,391,494        36,258        3,592
579        143,973    5,420,610,856    5,420,570,578        36,318        3,960
580        143,976    5,420,454,160    5,420,413,794        36,342        4,024
581        143,979    5,420,465,888    5,420,425,821        36,307        3,760
582        143,985    5,420,683,904    5,420,643,627        36,317        3,960
583        143,991    5,420,734,560    5,420,694,278        36,322        3,960
584        143,994    5,420,505,456    5,420,465,730        36,294        3,432
585        143,997    5,420,528,568    5,420,488,504        36,272        3,792
586        144,002    5,420,752,208    5,420,711,930        36,318        3,960
587        144,005    5,420,579,600    5,420,539,286        36,354        3,960
588        144,010    5,420,638,360    5,420,598,058        36,342        3,960
589        144,014    5,420,723,064    5,420,682,766        36,338        3,960
590        144,017    5,420,574,784    5,420,534,476        36,348        3,960
591        144,020    5,420,571,576    5,420,531,430        36,322        3,824
592        144,023    5,420,585,248    5,420,545,207        36,273        3,768
593        144,026    5,420,646,824    5,420,606,564        36,300        3,960
594        144,029    5,420,653,488    5,420,613,097        36,431        3,960
595        144,032    5,420,667,480    5,420,627,161        36,359        3,960
596        144,035    5,420,625,600    5,420,585,144        36,496        3,960
597        144,038    5,420,643,784    5,420,603,233        36,303        4,248
598        144,041    5,420,661,584    5,420,621,265        36,327        3,992
599        144,044    5,420,671,960    5,420,631,958        36,162        3,840
600        144,049    5,420,876,640    5,420,836,417        36,263        3,960
601        144,053    5,420,834,896    5,420,794,673        36,263        3,960
602        144,056    5,420,711,208    5,420,670,997        36,251        3,960
603        144,061    5,420,853,568    5,420,813,364        36,244        3,960
604        144,067    5,420,890,640    5,420,850,430        36,250        3,960
605        144,071    5,420,864,992    5,420,824,789        36,243        3,960
606        144,074    5,420,815,264    5,420,775,053        36,251        3,960
607        144,077    5,420,741,160    5,420,700,946        36,254        3,960
608        144,080    5,420,732,512    5,420,692,609        36,311        3,592
609        144,083    5,420,760,952    5,420,720,644        36,348        3,960
610        144,086    5,420,752,688    5,420,712,115        36,261        4,312
611        144,089    5,420,811,544    5,420,771,331        36,253        3,960
612        144,092    5,420,886,720    5,420,846,188        36,284        4,248
613        144,096    5,420,846,952    5,420,806,346        36,358        4,248
614        144,099    5,420,889,208    5,420,848,904        36,344        3,960
615        144,106    5,420,978,832    5,420,938,281        36,303        4,248
616        144,112    5,420,994,736    5,420,954,129        36,359        4,248
617        144,117    5,420,978,704    5,420,938,458        36,286        3,960
618        144,124    5,421,035,824    5,420,995,594        36,270        3,960
619        144,127    5,420,820,832    5,420,781,154        36,206        3,472
620        144,130    5,420,831,736    5,420,792,070        36,218        3,448
621        144,135    5,421,024,672    5,420,984,424        36,288        3,960
622        144,138    5,420,880,784    5,420,840,478        36,346        3,960
623        144,141    5,420,891,456    5,420,851,221        36,275        3,960
624        144,144    5,420,888,736    5,420,848,467        36,309        3,960
625        144,149    5,421,021,120    5,420,980,513        36,359        4,248
626        144,154    5,421,039,728    5,420,999,053        36,427        4,248
627        144,159    5,421,039,776    5,420,999,117        36,411        4,248
628        144,164    5,421,041,184    5,421,000,531        36,405        4,248
629        144,167    5,420,977,264    5,420,936,966        36,338        3,960
630        144,173    5,421,050,544    5,421,009,916        36,380        4,248
631        144,176    5,420,960,080    5,420,919,402        36,430        4,248
632        144,182    5,421,058,768    5,421,018,456        36,352        3,960
633        144,186    5,420,978,224    5,420,937,964        36,300        3,960
634        144,191    5,421,062,528    5,421,022,276        36,292        3,960
635        144,194    5,420,922,576    5,420,881,951        36,377        4,248
636        144,197    5,420,897,080    5,420,857,069        36,427        3,584
637        144,206    5,421,150,528    5,421,110,283        36,285        3,960
638        144,209    5,420,928,416    5,420,888,171        36,293        3,952
639        144,212    5,420,924,160    5,420,884,452        36,260        3,448
640        144,215    5,420,930,416    5,420,889,954        36,502        3,960
641        144,218    5,420,996,872    5,420,956,585        36,327        3,960
642        144,221    5,420,942,080    5,420,901,839        36,265        3,976
643        144,224    5,420,943,608    5,420,893,302        36,202       14,104
644        144,227    5,420,944,152    5,420,893,302        36,202       14,648
645        144,230    5,420,944,192    5,420,893,302        36,202       14,688
646        144,233    5,420,944,200    5,420,893,302        36,202       14,696
647        144,236    5,420,944,200    5,420,893,302        36,202       14,696
648        144,239    5,420,773,472    5,420,736,486        34,810        2,176
649        144,242    5,420,085,664    5,420,054,202        29,326        2,136
650        144,245    5,419,141,840    5,419,117,626        22,078        2,136
651        144,248    5,418,324,664    5,418,307,320        15,016        2,328
652        144,251    5,417,540,968    5,417,529,332         8,652        2,984
653        144,258    3,869,689,560    3,869,682,172         5,956        1,432
654        144,271      773,994,256      773,988,140         4,684        1,432
655        144,276           57,032           55,367           249        1,416
656        144,337            4,544            2,956           140        1,448
657        144,361            3,880            2,712           112        1,056
658        144,364            3,712            2,712           112          888
659        144,367            3,800            2,456           104        1,240
660        144,370            3,616            2,456           104        1,056
661        144,373            3,616            2,456           104        1,056
662        144,376            3,496            2,456           104          936
663        144,379            3,544            2,456           104          984
664        144,382            4,296            2,456           104        1,736
665        144,385            2,568              816            24        1,728
666        144,388            1,000                0             0        1,000
