0
3488
3095698792
3095698832
3095698832
3095698832
3095698824
3095698824
3095698832
3095698824
3095698864
3095698856
3095698824
3095698832
3095698832
3095698824
3095698824
3095698832
3095698832
3095698832
3095698832
3095698824
3095698824
3095698832
3095698832
3095698824
3095698832
3095698832
3095698832
3095698824
3095698832
3095698832
3095698824
3095698824
3095698864
3095698824
3095698832
3095698832
3095698832
3095698824
3095698832
3095698824
3095698832
3095698832
3095698832
3095698824
3095698824
3095698832
3095698832
3095698832
3095698824
3095698832
3095698824
3095698832
3095698832
3095698832
3095698832
3095698832
3095698864
3095698856
3095698832
3095698832
3095698824
3095698832
3095698832
3095698832
3095698832
3095698832
3095698824
3095698832
3095698832
3095698832
3095698832
3095698832
3095698832
3095698824
3095698832
3095698824
3095698832
3095698832
3095698824
3095698824
3095698832
3095698824
3095698832
3095698832
3095698832
3095698824
3095698832
3095698832
3095698832
3095698832
3095698832
3095698832
3095698832
3095698832
3095698832
3095698832
3095698824
3095698832
3095698832
3095698832
3095698832
3095698824
3095698832
3095698824
3095698856
3095699080
4643548752
4643548792
4643548784
4643548792
4643548792
4643548784
4643548792
4643548784
4643548792
4643548792
4643548824
4643548816
4643548792
4643548792
4643548792
4643548792
4643548792
4643548792
4643548792
4643548792
4643548792
4643548792
4643548784
4643548784
4643548792
4643548784
4643548792
4643548792
4643548784
4643548784
4643548784
4643548792
4643548792
4643548784
4643548824
4643548816
4643548792
4643548792
4643548792
4643548792
4643548792
4643548784
4643548784
4643548784
4643548784
4643548792
4643548784
4643548792
4643548792
4643548792
4643548792
4643548792
4643572176
5417484320
5417484312
5417484304
5417960168
5418456760
5418459864
5418462920
5418467032
5418467496
5418475720
5418475704
5418475544
5418475728
5418492832
5418504208
5418516656
5418533968
5418542880
5418559904
5418577376
5418591072
5418607888
5418623744
5418636880
5418648384
5418662048
5418672544
5418683184
5418524384
5418476096
5418475920
5418476048
5418475904
5418476096
5418475872
5418475920
5418475744
5418492304
5418504664
5418519080
5418524248
5418539992
5418550088
5418556872
5418568136
5418581448
5418588984
5418600408
5418614344
5418624600
5418639384
5418651352
5418666376
5418492640
5418492480
5418492528
5418492464
5418503400
5418518696
5418533608
5418544168
5418560264
5418567832
5418584984
5418492968
5418492968
5418492808
5418492792
5418492952
5418492696
5418506336
5418523952
5418541104
5418557680
5418575376
5418586096
5418604240
5418619632
5418634400
5418563032
5418493048
5418500000
5418517408
5418524112
5418538352
5418546464
5418561008
5418576352
5418493216
5418493200
5418493216
5418505656
5418519432
5418538104
5418544968
5418560712
5418580104
5418568272
5418493560
5418493368
5418493560
5418493592
5418493560
5418495392
5418510464
5418518784
5418538432
5418555952
5418572432
5418590640
5418611264
5418628800
5418639888
5418493368
5418493352
5418493544
5418493528
5418493592
5418495120
5418521920
5418554096
5418573024
5418589440
5418602960
5418532792
5418532400
5418496592
5418508552
5418520656
5418528184
5418500008
5418584296
5418565736
5418656432
5418505720
5418561152
5418510040
5418509424
5418509632
5418550544
5418548080
5418513208
5418514496
5418586504
5418544352
5418516264
5418566128
5418563408
5418525016
5418522376
5418629912
5418526224
5418588816
5418528400
5418604928
5418584360
5418605536
5418563080
5418537936
5418589088
5418703392
5418568904
5418536672
5418581720
5418538320
5418591544
5418749704
5418541120
5418612280
5418594040
5418775256
5418595160
5418598832
5418733560
5418596160
5418549008
5418618968
5418625128
5418551680
5418567072
5418589144
5418581952
5418630504
5418720656
5418589496
5418575696
5418600280
5418563064
5418624776
5418607144
5418619336
5418622936
5418582968
5418655552
5418629456
5418783680
5418600288
5418604928
5418607872
5418625256
5418642240
5418610056
5418656056
5418619224
5418584112
5418619016
5418658752
5418642752
5418600976
5418640504
5418611640
5418595032
5418826000
5418596304
5418797872
5418599160
5418631128
5418617720
5418665168
5418689360
5418669368
5418642152
5418636472
5418608744
5418672728
5418611360
5418678336
5418680856
5418667800
5418644072
5418665152
5418615976
5418617360
5418624480
5418627272
5418624728
5418629792
5418674216
5418683208
5418660112
5418659336
5418656936
5418703248
5418633016
5418634488
5418639376
5418637640
5418721392
5418683336
5418732504
5418747368
5418901104
5418674208
5418677488
5418676456
5418689616
5418654136
5418646248
5418646664
5418668736
5418699824
5418677320
5418704120
5418661856
5418687944
5418676728
5418718536
5418805288
5418735792
5418832024
5418659616
5418763280
5418697208
5418714824
5418685376
5418667416
5418708240
5418708832
5418745856
5418672696
5418673632
5418729296
5418705880
5418676264
5418715840
5418720864
5418679672
5418760600
5418694936
5418681496
5418931800
5418822088
5418733112
5418728328
5418687584
5418888824
5418720768
5418727584
5418964440
5418746328
5418883872
5418805224
5418725760
5418700232
5418813560
5418758024
5418857952
5418791712
5418953808
5419233280
5418751720
5418705472
5418965928
5418836360
5418742104
5418749896
5418718864
5418732600
5418866848
5418737728
5418737784
5418722808
5418940432
5418805776
5418756672
5418725872
5418751296
5418729832
5418766928
5418925184
5418816832
5418769680
5418883944
5418774160
5418807464
5418757552
5418798080
5419043080
5419626376
5419626384
5419642560
5419670008
5419923064
5419869608
5419714280
5419721832
5419700016
5419732640
5419870056
5419729656
5419745256
5419969576
5419760488
5419776752
5419987704
5419807192
5419797464
5419922168
5419881024
5419821936
5419843296
5419832768
5419985920
5419843024
5419856616
5419866744
5419877656
5420155864
5420141864
5420134424
5420117368
5420036040
5420060376
5420137160
5420082952
5419967176
5419974736
5419998656
5420107544
5420013704
5420025680
5420151152
5420229000
5420228840
5420047816
5420059816
5420075584
5420101880
5420103336
5420214000
5420240896
5420173896
5420380368
5420157032
5420218944
5420216184
5420249232
5420240240
5420274920
5420238192
5420255424
5420280256
5420301176
5420301928
5420297656
5420392104
5420426136
5420352328
5420567480
5420422904
5420413824
5420374856
5420380864
5420385144
5420432168
5420442280
5420621224
5420431344
5420610856
5420454160
5420465888
5420683904
5420734560
5420505456
5420528568
5420752208
5420579600
5420638360
5420723064
5420574784
5420571576
5420585248
5420646824
5420653488
5420667480
5420625600
5420643784
5420661584
5420671960
5420876640
5420834896
5420711208
5420853568
5420890640
5420864992
5420815264
5420741160
5420732512
5420760952
5420752688
5420811544
5420886720
5420846952
5420889208
5420978832
5420994736
5420978704
5421035824
5420820832
5420831736
5421024672
5420880784
5420891456
5420888736
5421021120
5421039728
5421039776
5421041184
5420977264
5421050544
5420960080
5421058768
5420978224
5421062528
5420922576
5420897080
5421150528
5420928416
5420924160
5420930416
5420996872
5420942080
5420943608
5420944152
5420944192
5420944200
5420944200
5420773472
5420085664
5419141840
5418324664
5417540968
3869689560
773994256
57032
4544
3880
3712
3800
3616
3616
3496
3544
4296
2568
1000
