0
3160
3440
984
984
1496
1544
952
1496
73416
79008
84280
85664
89552
79624
142624
142784
142000
142056
141960
110256
110064
109856
2209552
2207752
2207752
2207792
2207744
2207752
2206840
2207040
2218936
2219088
2219248
2219192
2233528
2478888
2665552
2881224
2887904
2889160
2880032
3105320
3077792
3077136
3077632
3076400
3125000
3132904
3120304
3133328
3076560
3075728
3076592
3077416
3068664
3077600
3077000
3076784
3077152
3114072
3114848
3077024
3077024
3078312
3077008
3076240
3076256
3068680
3077200
3071536
3076864
3077248
3077040
3121216
3128912
3140336
3157952
3163656
3077040
3121192
3128648
3139952
3157648
3163040
3132592
3076080
3076416
3104984
3068680
3077040
3076752
3105056
3106368
3069272
3077056
3076192
3076640
3076800
3079056
3076720
3068608
3076768
3076368
3077232
3076304
3076296
3076832
3076528
3075840
3068680
3077152
3076704
3076976
3077704
3076336
3077712
3077752
3074240
3068616
3077040
3074256
3075648
3077168
3105440
3068616
3077328
3076272
3076608
3076888
3068640
3078896
3127352
3138400
3155912
3123880
3089920
3134400
3145488
3162912
3132048
3076576
3130760
3144344
3161944
3167480
3171464
3076576
3097128
3144912
3162616
3196040
3164304
3073824
3077528
3115816
3576896
3464120
3467944
3502072
3503160
3510384
3511704
3513000
3454048
3445760
3454176
3453792
3455000
3482128
3456400
3453520
3453504
3482640
3455008
3456472
3453520
3453520
3465104
3453632
3453792
3454144
3454456
3454640
3453904
3453136
3454184
3453488
3453312
3454472
3453104
3453296
3454232
3453568
3453568
3453152
3445736
3452592
3453872
3453008
3454376
3482376
3458680
3471080
3511472
3520936
3524640
3540432
3544392
3548600
3553176
3550032
3550040
3476832
3508808
3514304
3523336
3526632
3542512
3546240
3550160
3520496
3583832
3588792
3592968
3560440
3560576
3476824
3507768
3513336
3523032
3526608
3542736
3546568
3551336
3580088
3453792
3464016
3509480
3515088
3524344
3542088
3545656
3516048
3553760
3583088
3588040
3592424
3560584
3453408
3453664
3454688
3445688
3454288
3454352
3453584
3448864
3445728
3453408
3454720
3454152
3454208
3453856
3454472
3453088
3454864
3453408
3451520
3504928
3514720
3525704
3543416
3514944
3579008
3549904
3453872
3507248
3523448
3528688
3512512
3552256
3582616
3587120
3554112
3453856
3454000
3454128
3452880
3453520
3455368
3454048
3454432
3483072
3484808
3453184
3453488
3453312
3454112
3454176
3454168
3454112
3453552
3453936
3445736
3454128
3495712
3495664
3454048
3455032
3454136
3453792
3453760
3456376
3454008
3454160
3445728
3454232
3453600
3454120
3454224
3445744
3456008
3453632
3498232
3512808
3530400
3453632
3505024
3528696
3498984
3451488
3453136
3452656
3454576
3453520
3454416
3497104
3512056
3454304
3501696
3513448
3497112
3452112
3453008
3454256
3453616
3447728
3453464
3453968
3482432
3483008
3454272
3453968
3454160
3457832
3453600
3445752
3453552
3453680
3453168
3454000
3483248
3482824
3454168
3449952
3453056
3482256
3454352
3488320
3454000
3454488
3453408
3451344
3451344
3452816
3454248
3450744
3482368
3453376
3454224
3454688
3452440
3483808
3448800
3445752
3454432
3453616
3453328
3452240
3454352
3453264
3454256
3453568
3445784
3453792
3453776
3482696
3454632
3453920
3445712
3454112
3453296
3457904
3452352
3454160
3489760
3454160
3490376
3445760
3453456
3453040
3457792
3454688
3454224
3454280
3454496
3453904
3453840
3453552
3504280
3462280
3453968
3454240
3450976
3453904
3445792
3453024
3453856
3496400
3504736
3515632
3533008
3504144
3453856
3504816
3513016
3523480
3540928
3546632
3541464
3454240
3480520
3535504
3546584
3551728
3569496
3574424
3579448
3608808
3612672
3617296
3622208
3691520
3681352
3650928
3652208
3652792
3652224
3477368
3530088
3539624
3550912
3567936
3572568
3577256
3606888
3611944
3616728
3621632
3593128
3648632
3687280
3692240
3693888
3662104
3661872
3661872
3482464
3445720
3453984
3485712
3453104
3461584
3497840
3453296
3496792
3511088
3517080
3498864
3445704
3482256
3453520
3501496
3510928
3453520
3502048
3477768
3481048
3453536
3462808
3465008
3462504
3463080
3453536
3454376
3454888
3456000
3460624
3488112
3455768
3491264
3491648
3495104
3495480
3495856
3496024
3495776
3463400
3465744
3463344
3463368
3463584
3452752
3454008
3455984
3458064
3450920
3485480
3485752
3485728
3485736
3485760
3485744
3485752
3453016
3452752
3455176
3457920
3458112
3484848
3485656
3452152
3485704
3452088
3485600
3485776
3485776
3452232
3452560
3453840
3454064
3451056
3452560
3453976
3453928
3453584
3454176
3454024
3454168
3451592
3453584
3454176
3454232
3481872
3445752
3445776
3445696
3445712
3445744
3445768
3445760
3445760
3446328
3445768
3445752
3445696
3452848
3453936
3454072
3452848
3453984
3453880
3453200
3454144
3455136
3455720
3483232
3483232
3453200
3454144
3454320
3455928
3449688
3483176
3453632
3454120
3454400
3482176
3453632
3454024
3454208
3454072
3453632
3453976
3454232
3454616
3482672
3453632
3453976
3454240
3454264
3454000
3454184
3454792
3454984
3455168
3482992
3454000
3454184
3454544
3455176
3482192
3454512
3454216
3454560
3454744
3455112
3448816
3454512
3454200
3454464
3455296
3455176
3482256
3453568
3454328
3454272
3482088
3453568
3453968
3454040
3454104
3453888
3454088
3454088
3454144
3453888
3454024
3454072
3454176
3445720
3445760
3445704
3445784
3445784
3445424
3445352
3445520
3445976
3446336
3474368
3441424
3442600
3445424
3445696
3445784
3446056
3473800
3474752
3444736
3445344
3445456
3446056
3439600
3474632
3474768
3444736
3445264
3445648
3445752
3473368
3474208
3442816
3444824
3444928
3442816
3444920
3472656
3444824
3444872
3442800
3444976
3445000
3442576
3444864
3439992
3444784
3444824
3442576
3444864
3472672
3442576
3445008
3435816
1338792
74840
74840
73216
73080
73136
